#0
data modify storage ps:ani_data data append value {ani_tag:'boss',height:0.1,width:0.3}
data modify storage ps:ani_data data[-1].parts.part_1 set value {name:'coin',init_pos:[0.9077774785329088, 0.05899594588406632, -0.4152824675298472, 0.0, 0.0, 0.9900593772427757, 0.14065002500407553, 0.75, 0.4194520824461768, -0.12767892505379025, 0.8987536050713089, -10.0, 0.0, 0.0, 0.0, 1.0],item_model:'cointosser:boss_body'}
data modify storage ps:ani_data data[-1].parts.part_2 set value {name:'coin',init_pos:[0.9090468711080297, 0.03426745235675707, -0.4152824675298472, -0.011350595645935302, 0.02694607457638863, 0.9896926187111211, 0.14065002500407553, 1.4482470749799177, 0.4158217108252345, -0.13904769749154694, 0.8987536050713089, -9.975435060340567, 0.0, 0.0, 0.0, 1.0],item_model:'cointosser:boss_tie'}
data modify storage ps:ani_data data[-1].parts.part_3 set value {name:'coin',init_pos:[0.9020050104779779, -0.09329318931588715, -0.42152501930477754, 0.04424695941304974, -0.0030918179310004683, 0.9749516745614358, -0.22239530780062242, 1.4925445329320817, 0.43171449099434295, 0.20190496055600538, 0.8791228498727429, -10.095759193790343, 0.0, 0.0, 0.0, 1.0],item_model:'cointosser:boss_head'}
data modify storage ps:ani_data data[-1].parts.part_4 set value {name:'coin',init_pos:[0.9020050104779779, -0.03221287346233866, -0.4305221154086307, -0.07279594407763053, -0.0030918179310004683, 0.9967049113781854, -0.08105405786563102, 1.558814665302106, 0.43171449099434295, 0.0744422623104838, 0.8989332276913521, -9.850740361252656, 0.0, 0.0, 0.0, 1.0],item_model:'cointosser:boss_hair'}
data modify storage ps:ani_data data[-1].parts.part_5 set value {name:'coin',init_pos:[0.9020050104779779, -0.09329318931588715, -0.42152501930477754, -0.053357161203490426, -0.0030918179310004683, 0.9749516745614358, -0.22239530780062242, 1.5751442635478785, 0.43171449099434295, 0.20190496055600538, 0.8791228498727429, -9.840843497173111, 0.0, 0.0, 0.0, 1.0],item_model:'cointosser:boss_eye'}
data modify storage ps:ani_data data[-1].parts.part_6 set value {name:'coin',init_pos:[0.9020050104779779, -0.09329318931588715, -0.42152501930477754, -0.07918600222238702, -0.0030918179310004683, 0.9749516745614358, -0.22239530780062242, 1.61113241904393, 0.43171449099434295, 0.20190496055600538, 0.8791228498727429, -9.837014573593093, 0.0, 0.0, 0.0, 1.0],item_model:'cointosser:boss_eyelid'}
data modify storage ps:ani_data data[-1].parts.part_7 set value {name:'coin',init_pos:[0.9529221403118946, 0.2989040009219538, 0.05094892281733182, 0.24311146115390478, -0.22435126006586822, 0.8080844146252533, -0.5446706261095955, 1.3296025490232892, -0.20397525979945436, 0.5075982437643084, 0.8371010191829505, -10.049452693251055, 0.0, 0.0, 0.0, 1.0],item_model:'cointosser:boss_left_arm_upper'}
data modify storage ps:ani_data data[-1].parts.part_8 set value {name:'coin',init_pos:[0.9529221403118946, 0.2989040009219538, 0.05094892281733182, 0.25772191157765645, -0.22435126006586822, 0.8080844146252533, -0.5446706261095955, 1.1065485147358007, -0.20397525979945436, 0.5075982437643084, 0.8371010191829505, -10.19547493479833, 0.0, 0.0, 0.0, 1.0],item_model:'cointosser:boss_left_arm_lower'}
data modify storage ps:ani_data data[-1].parts.part_16 set value {name:'coin',init_pos:[0.0, 0.0, 0.0, 0.14563291123192376, 0.0, 0.0, 0.0, 0.8035168592513305, 0.0, 0.0, 0.0, -10.385824276209947, 0.0, 0.0, 0.0, 1.0],item_model:'cointosser:boss_pipe'}
data modify storage ps:ani_data data[-1].parts.part_9 set value {name:'coin',init_pos:[0.8767573558552959, -0.439692269528897, -0.19485185929356133, -0.19007190345568575, 0.35142064883410684, 0.8623104475650619, -0.36458773922494686, 1.3519865095267647, 0.328329204498542, 0.2511800154006491, 0.9105539705787263, -10.226390483301726, 0.0, 0.0, 0.0, 1.0],item_model:'cointosser:boss_right_arm_upper'}
data modify storage ps:ani_data data[-1].parts.part_10 set value {name:'coin',init_pos:[0.8767573558552959, -0.439692269528897, -0.19485185929356133, -0.16234483818489545, 0.35142064883410684, 0.8623104475650619, -0.36458773922494686, 1.1034632118073016, 0.328329204498542, 0.2511800154006491, 0.9105539705787263, -10.319966350073628, 0.0, 0.0, 0.0, 1.0],item_model:'cointosser:boss_right_arm_lower'}
data modify storage ps:ani_data data[-1].parts.part_15 set value {name:'coin',init_pos:[0.36038593927244134, -0.3215365686458861, 0.8756347467969446, -0.026982625591966247, -0.028008332269531783, 0.9345599679175547, 0.35470156426130706, 0.9578486942398984, -0.9323827047399578, -0.1523545253327516, 0.3277965687929516, -10.525576653475062, 0.0, 0.0, 0.0, 1.0],item_model:'cointosser:boss_sickle'}
data modify storage ps:ani_data data[-1].parts.part_17 set value {name:'coin',init_pos:[0.0, 0.0, 0.0, 0.002539762888440933, 0.0, 0.0, 0.0, 0.7800967939704035, 0.0, 0.0, 0.0, -10.414158855848871, 0.0, 0.0, 0.0, 1.0],item_model:'cointosser:boss_money_box'}
data modify storage ps:ani_data data[-1].parts.part_11 set value {name:'coin',init_pos:[0.9959229349122392, 0.05407900891229359, -0.07220088995889073, 0.1134721848166136, -0.0442181892987964, 0.9902897868972096, 0.13179867109426746, 0.75, 0.07862734543991418, -0.12806872671399191, 0.98864358683346, -9.947568489694229, 0.0, 0.0, 0.0, 1.0],item_model:'cointosser:boss_left_leg_upper'}
data modify storage ps:ani_data data[-1].parts.part_12 set value {name:'coin',init_pos:[0.9959229349122392, 0.03970984144027542, -0.08099775434282097, 0.09319255647450347, -0.0442181892987964, 0.9975261557205168, -0.05464723587321774, 0.3786413299135464, 0.07862734543991418, 0.05800600957000468, 0.9952150739427316, -9.899542717176482, 0.0, 0.0, 0.0, 1.0],item_model:'cointosser:boss_left_leg_lower'}
data modify storage ps:ani_data data[-1].parts.part_13 set value {name:'coin',init_pos:[0.9077774785329088, -0.05168746181423886, -0.41625527715530025, -0.1134721848166136, -8.089298029150395e-18, 0.9923786162361307, -0.1232261418582212, 0.75, 0.41945208244617677, 0.1118619163453946, 0.9008589579968119, -10.052431510305773, 0.0, 0.0, 0.0, 1.0],item_model:'cointosser:boss_right_leg_upper'}
data modify storage ps:ani_data data[-1].parts.part_14 set value {name:'coin',init_pos:[0.9077774785329088, -0.05168746181423886, -0.41625527715530025, -0.09408938663627403, -8.089298029150395e-18, 0.9923786162361307, -0.1232261418582212, 0.377858018911451, 0.41945208244617677, 0.1118619163453946, 0.9008589579968119, -10.094379728935294, 0.0, 0.0, 0.0, 1.0],item_model:'cointosser:boss_right_leg_lower'}
#1
data modify storage ps:ani_data data[-1].frames append value {}
data modify storage ps:ani_data data[-1].frames[-1].part_1 set value {interpolation_duration:1,start_interpolation:0,transformation:[0.9077243949233423, 0.059130524964131244, -0.4153793493645516, -1.4128171471628239e-08, 0.0, 0.9900192389227079, 0.14093227651216791, 0.7499115464642587, 0.4195669468166576, -0.1279276654221768, 0.8986646146135829, -9.99988834778981, 0.0, 0.0, 0.0, 1.0]}
data modify storage ps:ani_data data[-1].frames[-1].part_2 set value {interpolation_duration:1,start_interpolation:0,transformation:[0.909005843997252, 0.034181452577754456, -0.4153793493645516, -0.011270196885900202, 0.02718664964250879, 0.9896458859199655, 0.14093227651216791, 1.4481663077876414, 0.41589573412101627, -0.13940103579730462, 0.8986646146135829, -9.975505540940858, 0.0, 0.0, 0.0, 1.0]}
data modify storage ps:ani_data data[-1].frames[-1].part_3 set value {interpolation_duration:1,start_interpolation:0,transformation:[0.9019681268650364, -0.0930818148083197, -0.42165065382561356, 0.04434787959492696, -0.003277608434134256, 0.9749853658362426, -0.22224489575268289, 1.4924259756562896, 0.4317901752038023, 0.20183981806659973, 0.8791006384028576, -10.095834096856443, 0.0, 0.0, 0.0, 1.0]}
data modify storage ps:ani_data data[-1].frames[-1].part_4 set value {interpolation_duration:1,start_interpolation:0,transformation:[0.9019681268650364, -0.03198573982133516, -0.43061631479503837, -0.0727000107125164, -0.003277608434134256, 0.9967168033621167, -0.08090037811133122, 1.558737922447649, 0.4317901752038023, 0.07438095417299864, 0.8989019514128244, -9.850828959997404, 0.0, 0.0, 0.0, 1.0]}
data modify storage ps:ani_data data[-1].frames[-1].part_5 set value {interpolation_duration:1,start_interpolation:0,transformation:[0.9019681268650364, -0.0930818148083197, -0.42165065382561356, -0.05326192574501782, -0.003277608434134256, 0.9749853658362426, -0.22224489575268289, 1.5751022264235537, 0.4317901752038023, 0.20183981806659973, 0.8791006384028576, -9.840923422580579, 0.0, 0.0, 0.0, 1.0]}
data modify storage ps:ani_data data[-1].frames[-1].part_6 set value {interpolation_duration:1,start_interpolation:0,transformation:[0.9019681268650364, -0.0930818148083197, -0.42165065382561356, -0.07907997109918832, -0.003277608434134256, 0.9749853658362426, -0.22224489575268289, 1.6110684848044199, 0.4317901752038023, 0.20183981806659973, 0.8791006384028576, -9.837104608790973, 0.0, 0.0, 0.0, 1.0]}
data modify storage ps:ani_data data[-1].frames[-1].part_7 set value {interpolation_duration:1,start_interpolation:0,transformation:[0.9528385320757954, 0.299199499910839, 0.050777859788957956, 0.24318702925715016, -0.22474110228930208, 0.8081179895848106, -0.5444600553311448, 1.3294722018278382, -0.20393667824457826, 0.5073706477147722, 0.8372483843544037, -10.049460264562393, 0.0, 0.0, 0.0, 1.0]}
data modify storage ps:ani_data data[-1].frames[-1].part_8 set value {interpolation_duration:1,start_interpolation:0,transformation:[0.9528385320757954, 0.299199499910839, 0.050777859788957956, 0.25771576666154616, -0.22474110228930208, 0.8081179895848106, -0.5444600553311448, 1.1063732260920132, -0.20393667824457826, 0.5073706477147722, 0.8372483843544037, -10.195421990076515, 0.0, 0.0, 0.0, 1.0]}
data modify storage ps:ani_data data[-1].frames[-1].part_16 set value {interpolation_duration:1,start_interpolation:0,transformation:[0.0, 0.0, 0.0, 0.14551595419498153, 0.0, 0.0, 0.0, 0.8033289799977094, 0.0, 0.0, 0.0, -10.385685982969553, 0.0, 0.0, 0.0, 1.0]}
data modify storage ps:ani_data data[-1].frames[-1].part_9 set value {interpolation_duration:1,start_interpolation:0,transformation:[0.8765939190366491, -0.4399476550040097, -0.19501067141169912, -0.18997126483738025, 0.3517221840380352, 0.862296961931493, -0.3643287728127328, 1.3518621710084704, 0.32844269875197923, 0.25077880751807996, 0.9106236233133458, -10.226458660452098, 0.0, 0.0, 0.0, 1.0]}
data modify storage ps:ani_data data[-1].frames[-1].part_10 set value {interpolation_duration:1,start_interpolation:0,transformation:[0.8765939190366491, -0.4399476550040097, -0.19501067141169912, -0.16216503099606366, 0.3517221840380352, 0.862296961931493, -0.3643287728127328, 1.1033139757720316, 0.32844269875197923, 0.25077880751807996, 0.9106236233133458, -10.319944865339615, 0.0, 0.0, 0.0, 1.0]}
data modify storage ps:ani_data data[-1].frames[-1].part_15 set value {interpolation_duration:1,start_interpolation:0,transformation:[0.36063572949695316, -0.3207815325714159, 0.8758088141662735, -0.02671687131930043, -0.02823502110404162, 0.934811923616825, 0.3540189981442599, 0.9576610850729249, -0.9322792790754575, -0.15240038000262596, 0.3280693066740631, -10.525471371319847, 0.0, 0.0, 0.0, 1.0]}
data modify storage ps:ani_data data[-1].frames[-1].part_17 set value {interpolation_duration:1,start_interpolation:0,transformation:[0.0, 0.0, 0.0, 0.0028153396304399702, 0.0, 0.0, 0.0, 0.7799526150477216, 0.0, 0.0, 0.0, -10.413986918158894, 0.0, 0.0, 0.0, 1.0]}
data modify storage ps:ani_data data[-1].frames[-1].part_11 set value {interpolation_duration:1,start_interpolation:0,transformation:[0.9959149592389014, 0.05408085813839118, -0.07230943746975574, 0.11346553523724633, -0.04418088522784523, 0.990249356920741, 0.1321145733768341, 0.7499115464642587, 0.07874924345453276, -0.12838018500171328, 0.9885934881205036, -9.947442479437727, 0.0, 0.0, 0.0, 1.0]}
data modify storage ps:ani_data data[-1].frames[-1].part_12 set value {interpolation_duration:1,start_interpolation:0,transformation:[0.9959149592389014, 0.039622798030805685, -0.08113832534867409, 0.09318521343534963, -0.04418088522784523, 0.9974988223695813, -0.05517380494204138, 0.3785680376189808, 0.07874924345453276, 0.058533180739717576, 0.9951745693132588, -9.899299910062085, 0.0, 0.0, 0.0, 1.0]}
data modify storage ps:ani_data data[-1].frames[-1].part_13 set value {interpolation_duration:1,start_interpolation:0,transformation:[0.9077243949233423, -0.05171451490541915, -0.4163676642213575, -0.11346556349358926, -8.161797281813034e-18, 0.9923747983019786, -0.12325688498054488, 0.7499115464642587, 0.41956694681665757, 0.1118832813391011, 0.9008028133258373, -10.052334216141892, 0.0, 0.0, 0.0, 1.0]}
data modify storage ps:ani_data data[-1].frames[-1].part_14 set value {interpolation_duration:1,start_interpolation:0,transformation:[0.9077243949233423, -0.05171451490541915, -0.4163676642213575, -0.09407262040405706, -8.161797281813034e-18, 0.9923747983019786, -0.12325688498054488, 0.3777709971010168, 0.41956694681665757, 0.1118832813391011, 0.9008028133258373, -10.094290446644054, 0.0, 0.0, 0.0, 1.0]}
#2
data modify storage ps:ani_data data[-1].frames append value {}
data modify storage ps:ani_data data[-1].frames[-1].part_1 set value {interpolation_duration:1,start_interpolation:0,transformation:[0.9075723894507803, 0.05951601640889122, -0.4156563504836869, -2.107220064414391e-07, 0.0, 0.9899039184714071, 0.14174001620909243, 0.7496583926758744, 0.419895651211823, -0.12863932519167837, 0.8984094646137856, -9.99956879950375, 0.0, 0.0, 0.0, 1.0]}
data modify storage ps:ani_data data[-1].frames[-1].part_2 set value {interpolation_duration:1,start_interpolation:0,transformation:[0.9088884209200593, 0.033935771982139824, -0.4156563504836869, -0.011039993251354595, 0.027875045027242876, 0.9895113691462951, 0.14174001620909243, 1.4479348386511033, 0.4161067413322818, -0.14041229899905786, 0.8984094646137856, -9.975707152496305, 0.0, 0.0, 0.0, 1.0]}
data modify storage ps:ani_data data[-1].frames[-1].part_3 set value {interpolation_duration:1,start_interpolation:0,transformation:[0.9018622218285229, -0.09247674829458447, -0.4220101703316876, 0.04463680158466197, -0.0038094113568976976, 0.9750814662477322, -0.22181438764265646, 1.49208633152943, 0.43200696895262447, 0.20165362680852736, 0.8790368556387913, -10.096048293397509, 0.0, 0.0, 0.0, 1.0]}
data modify storage ps:ani_data data[-1].frames[-1].part_4 set value {interpolation_duration:1,start_interpolation:0,transformation:[0.9018622218285229, -0.031335578879452264, -0.43088584838076255, -0.07242533453508297, -0.0038094113568976976, 0.9967505134041701, -0.08046056433829568, 1.5585179178997322, 0.43200696895262447, 0.0742057647680604, 0.8988122625173476, -9.851082376136745, 0.0, 0.0, 0.0, 1.0]}
data modify storage ps:ani_data data[-1].frames[-1].part_5 set value {interpolation_duration:1,start_interpolation:0,transformation:[0.9018622218285229, -0.09247674829458447, -0.4220101703316876, -0.052989160100208696, -0.0038094113568976976, 0.9750814662477322, -0.22181438764265646, 1.5749815574541484, 0.43200696895262447, 0.20165362680852736, 0.8790368556387913, -9.841152035498585, 0.0, 0.0, 0.0, 1.0]}
data modify storage ps:ani_data data[-1].frames[-1].part_6 set value {interpolation_duration:1,start_interpolation:0,transformation:[0.9018622218285229, -0.09247674829458447, -0.4220101703316876, -0.07877636367284907, -0.0038094113568976976, 0.9750814662477322, -0.22181438764265646, 1.6108851249562726, 0.43200696895262447, 0.20165362680852736, 0.8790368556387913, -9.837362131075087, 0.0, 0.0, 0.0, 1.0]}
data modify storage ps:ani_data data[-1].frames[-1].part_7 set value {interpolation_duration:1,start_interpolation:0,transformation:[0.952598469032622, 0.30004541684105646, 0.05028821561142631, 0.24340330930495951, -0.22585692512748035, 0.8082128687843861, -0.5438571578119317, 1.3290988881802912, -0.20382543062303196, 0.5067195541559346, 0.8376696767027837, -10.049481772331886, 0.0, 0.0, 0.0, 1.0]}
data modify storage ps:ani_data data[-1].frames[-1].part_8 set value {interpolation_duration:1,start_interpolation:0,transformation:[0.952598469032622, 0.30004541684105646, 0.05028821561142631, 0.2576980615665037, -0.22585692512748035, 0.8082128687843861, -0.5438571578119317, 1.1058715842534932, -0.20382543062303196, 0.5067195541559346, 0.8376696767027837, -10.19527029499178, 0.0, 0.0, 0.0, 1.0]}
data modify storage ps:ani_data data[-1].frames[-1].part_16 set value {interpolation_duration:1,start_interpolation:0,transformation:[0.0, 0.0, 0.0, 0.14518103025110757, 0.0, 0.0, 0.0, 0.8027917584593484, 0.0, 0.0, 0.0, -10.385290127800253, 0.0, 0.0, 0.0, 1.0]}
data modify storage ps:ani_data data[-1].frames[-1].part_9 set value {interpolation_duration:1,start_interpolation:0,transformation:[0.8761258214269851, -0.4406778031559886, -0.19546513457520376, -0.18968318263633907, 0.35258523275025977, 0.8622573985033545, -0.36358744804059534, 1.3515060441204958, 0.32876617629454497, 0.24963023160634892, 0.9108224573388741, -10.226653611152205, 0.0, 0.0, 0.0, 1.0]}
data modify storage ps:ani_data data[-1].frames[-1].part_10 set value {interpolation_duration:1,start_interpolation:0,transformation:[0.8761258214269851, -0.4406778031559886, -0.19546513457520376, -0.16165052760612178, 0.35258523275025977, 0.8622573985033545, -0.36358744804059534, 1.1028868289243203, 0.32876617629454497, 0.24963023160634892, 0.9108224573388741, -10.319882998081406, 0.0, 0.0, 0.0, 1.0]}
data modify storage ps:ani_data data[-1].frames[-1].part_15 set value {interpolation_duration:1,start_interpolation:0,transformation:[0.36135189281847746, -0.3202384868108784, 0.8757123506732005, -0.025956577658492703, -0.028888522342326264, 0.9348768372683539, 0.35379478856534446, 0.9571243172206605, -0.9319819004859378, -0.1531424523252739, 0.3285682980179625, -10.525169518142322, 0.0, 0.0, 0.0, 1.0]}
data modify storage ps:ani_data data[-1].frames[-1].part_17 set value {interpolation_duration:1,start_interpolation:0,transformation:[0.0, 0.0, 0.0, 0.0036036485773739365, 0.0, 0.0, 0.0, 0.7795403044855624, 0.0, 0.0, 0.0, -10.413494334933787, 0.0, 0.0, 0.0, 1.0]}
data modify storage ps:ani_data data[-1].frames[-1].part_11 set value {interpolation_duration:1,start_interpolation:0,transformation:[0.995892067404368, 0.05408655869962246, -0.07261979240596933, 0.1134463379593411, -0.044074161398792416, 0.9901330817463133, 0.13301860294162524, 0.7496583926758744, 0.07909777732684387, -0.12927151503552842, 0.9884495015034265, -9.947081843102271, 0.0, 0.0, 0.0, 1.0]}
data modify storage ps:ani_data data[-1].frames[-1].part_12 set value {interpolation_duration:1,start_interpolation:0,transformation:[0.995892067404368, 0.03937298125517263, -0.08153991923060501, 0.0931638784469827, -0.044074161398792416, 0.9974190480758223, -0.0566807800979644, 0.37835848702100694, 0.07909777732684387, 0.060041742834468254, 0.9950570489873194, -9.898605024963949, 0.0, 0.0, 0.0, 1.0]}
data modify storage ps:ani_data data[-1].frames[-1].part_13 set value {interpolation_duration:1,start_interpolation:0,transformation:[0.9075723894507803, -0.05179197495844326, -0.41668927180394855, -0.11344675940335398, -8.370531735885719e-18, 0.9923638661209736, -0.12334487106253927, 0.7496583926758744, 0.41989565121182293, 0.11194439935672718, 0.9006420451800263, -10.052055755905227, 0.0, 0.0, 0.0, 1.0]}
data modify storage ps:ani_data data[-1].frames[-1].part_14 set value {interpolation_duration:1,start_interpolation:0,transformation:[0.9075723894507803, -0.05179197495844326, -0.41668927180394855, -0.09402476879393777, -8.370531735885719e-18, 0.9923638661209736, -0.12334487106253927, 0.37752194288050933, 0.41989565121182293, 0.11194439935672718, 0.9006420451800263, -10.094034905664001, 0.0, 0.0, 0.0, 1.0]}
#3
data modify storage ps:ani_data data[-1].frames append value {}
data modify storage ps:ani_data data[-1].frames[-1].part_1 set value {interpolation_duration:1,start_interpolation:0,transformation:[0.9073322253297481, 0.060125450874017786, -0.4160927336969047, -9.919783060774132e-07, 0.0, 0.9897205583755057, 0.14301474164881478, 0.7492588205895833, 0.4204143585537573, -0.1297618837951781, 0.8980053566854486, -9.999064432272016, 0.0, 0.0, 0.0, 1.0]}
data modify storage ps:ani_data data[-1].frames[-1].part_2 set value {interpolation_duration:1,start_interpolation:0,transformation:[0.9087030746416829, 0.033549353218638694, -0.4160927336969047, -0.010676336214531948, 0.028961197444399005, 0.9892967364313445, 0.14301474164881478, 1.4475685471788453, 0.41643723558219287, -0.14200847927113971, 0.8980053566854486, -9.97602505779552, 0.0, 0.0, 0.0, 1.0]}
data modify storage ps:ani_data data[-1].frames[-1].part_3 set value {interpolation_duration:1,start_interpolation:0,transformation:[0.9016940248825244, -0.09152138481229598, -0.42257747409580804, 0.04509309617720726, -0.004649009956299301, 0.975232171775734, -0.22113479563382032, 1.4915492393712122, 0.4323497105325503, 0.20136049080101318, 0.8789355383341803, -10.0963858451184, 0.0, 0.0, 0.0, 1.0]}
data modify storage ps:ani_data data[-1].frames[-1].part_4 set value {interpolation_duration:1,start_interpolation:0,transformation:[0.9016940248825244, -0.030309064097524947, -0.4313110781381412, -0.07199144544828176, -0.004649009956299301, 0.9968027408603292, -0.07976642476481832, 1.558169561934724, 0.4323497105325503, 0.0739300780932045, 0.8986701682795267, -9.851481899184728, 0.0, 0.0, 0.0, 1.0]}
data modify storage ps:ani_data data[-1].frames[-1].part_5 set value {interpolation_duration:1,start_interpolation:0,transformation:[0.9016940248825244, -0.09152138481229598, -0.42257747409580804, -0.05255802447103175, -0.004649009956299301, 0.975232171775734, -0.22113479563382032, 1.5747900138954731, 0.4323497105325503, 0.20136049080101318, 0.8789355383341803, -9.841512469328817, 0.0, 0.0, 0.0, 1.0]}
data modify storage ps:ani_data data[-1].frames[-1].part_6 set value {interpolation_duration:1,start_interpolation:0,transformation:[0.9016940248825244, -0.09152138481229598, -0.42257747409580804, -0.07829671521796017, -0.004649009956299301, 0.975232171775734, -0.22113479563382032, 1.6105945672549729, 0.4323497105325503, 0.20136049080101318, 0.8789355383341803, -9.837768120029004, 0.0, 0.0, 0.0, 1.0]}
data modify storage ps:ani_data data[-1].frames[-1].part_7 set value {interpolation_duration:1,start_interpolation:0,transformation:[0.9522172146668846, 0.3013811912145391, 0.049515186298202014, 0.243744693187049, -0.227618396117714, 0.8083589674788825, -0.5429048217185719, 1.3285088736319273, -0.20364734675619922, 0.5056927498774134, 0.8383332278280399, -10.049515232683673, 0.0, 0.0, 0.0, 1.0]}
data modify storage ps:ani_data data[-1].frames[-1].part_8 set value {interpolation_duration:1,start_interpolation:0,transformation:[0.9522172146668846, 0.3013811912145391, 0.049515186298202014, 0.25766975925843466, -0.227618396117714, 0.8083589674788825, -0.5429048217185719, 1.1050799071261712, -0.20364734675619922, 0.5056927498774134, 0.8383332278280399, -10.195030358911419, 0.0, 0.0, 0.0, 1.0]}
data modify storage ps:ani_data data[-1].frames[-1].part_16 set value {interpolation_duration:1,start_interpolation:0,transformation:[0.0, 0.0, 0.0, 0.1446518125529825, 0.0, 0.0, 0.0, 0.8019452943215901, 0.0, 0.0, 0.0, -10.384665140115448, 0.0, 0.0, 0.0, 1.0]}
data modify storage ps:ani_data data[-1].frames[-1].part_9 set value {interpolation_duration:1,start_interpolation:0,transformation:[0.8753859607441193, -0.44182794642842765, -0.19618227617940903, -0.18922831588689876, 0.35394761173820855, 0.8621920340147706, -0.3624168658137906, 1.350943126397291, 0.32927269531030634, 0.24781638815121024, 0.9111347484794853, -10.226960797087612, 0.0, 0.0, 0.0, 1.0]}
data modify storage ps:ani_data data[-1].frames[-1].part_10 set value {interpolation_duration:1,start_interpolation:0,transformation:[0.8753859607441193, -0.44182794642842765, -0.19618227617940903, -0.16083876309955306, 0.35394761173820855, 0.8621920340147706, -0.3624168658137906, 1.1022125292931415, 0.32927269531030634, 0.24781638815121024, 0.9111347484794853, -10.319784209310756, 0.0, 0.0, 0.0, 1.0]}
data modify storage ps:ani_data data[-1].frames[-1].part_15 set value {interpolation_duration:1,start_interpolation:0,transformation:[0.36248207519399045, -0.3202078060376992, 0.8752563659383357, -0.024757436986556206, -0.02992205356732125, 0.9346430627839191, 0.3543261434049278, 0.9562776061934928, -0.9315102875832197, -0.15462634362364755, 0.32921008183864775, -10.524691466606582, 0.0, 0.0, 0.0, 1.0]}
data modify storage ps:ani_data data[-1].frames[-1].part_17 set value {interpolation_duration:1,start_interpolation:0,transformation:[0.0, 0.0, 0.0, 0.0048467168111073254, 0.0, 0.0, 0.0, 0.7788905165376026, 0.0, 0.0, 0.0, -10.41271535486746, 0.0, 0.0, 0.0, 1.0]}
data modify storage ps:ani_data data[-1].frames[-1].part_11 set value {interpolation_duration:1,start_interpolation:0,transformation:[0.995855738972314, 0.054096786148884475, -0.07310871961858022, 0.11341553618791243, -0.04390583419562166, 0.9899478529394762, 0.13444525348299852, 0.7492588205895833, 0.0796468761439699, -0.13067817793680397, 0.9882204151562668, -9.946512637452795, 0.0, 0.0, 0.0, 1.0]}
data modify storage ps:ani_data data[-1].frames[-1].part_12 set value {interpolation_duration:1,start_interpolation:0,transformation:[0.995855738972314, 0.03897657723767068, -0.08217161056436825, 0.09312924138208076, -0.04390583419562166, 0.9972884707985402, -0.05905915454775432, 0.3780283757372797, 0.0796468761439699, 0.062422211104260376, 0.9948667461933595, -9.897508320726494, 0.0, 0.0, 0.0, 1.0]}
data modify storage ps:ani_data data[-1].frames[-1].part_13 set value {interpolation_duration:1,start_interpolation:0,transformation:[0.9073322253297481, -0.051914339146112, -0.41719675726111494, -0.11341752014452458, -8.70373773626876e-18, 0.9923465951455345, -0.12348374428670672, 0.7492588205895833, 0.42041435855375725, 0.1120407804957072, 0.9003880444717965, -10.051616227091236, 0.0, 0.0, 0.0, 1.0]}
data modify storage ps:ani_data data[-1].frames[-1].part_14 set value {interpolation_duration:1,start_interpolation:0,transformation:[0.9073322253297481, -0.051914339146112, -0.41719675726111494, -0.0939496429647326, -8.70373773626876e-18, 0.9923465951455345, -0.12348374428670672, 0.3771288474100078, 0.42041435855375725, 0.1120407804957072, 0.9003880444717965, -10.093631519777125, 0.0, 0.0, 0.0, 1.0]}
#4
data modify storage ps:ani_data data[-1].frames append value {}
data modify storage ps:ani_data data[-1].frames[-1].part_1 set value {interpolation_duration:1,start_interpolation:0,transformation:[0.9070146195819747, 0.06093208923022045, -0.41666744577253234, -2.9071560443716968e-06, 0.0, 0.989475904982123, 0.14469773135681424, 0.7487311610279612, 0.4210991330608099, -0.13124295776097566, 0.8974691115428906, -9.998398385749418, 0.0, 0.0, 0.0, 1.0]}
data modify storage ps:ani_data data[-1].frames[-1].part_2 set value {interpolation_duration:1,start_interpolation:0,transformation:[0.9084583049321812, 0.03304160760528909, -0.41666744577253234, -0.010195526531834361, 0.030394777604245273, 0.9890089605431185, 0.14469773135681424, 1.4470830621227726, 0.4168688830965157, -0.14411637010512865, 0.8974691115428906, -9.976444280267227, 0.0, 0.0, 0.0, 1.0]}
data modify storage ps:ani_data data[-1].frames[-1].part_3 set value {interpolation_duration:1,start_interpolation:0,transformation:[0.901469959429843, -0.09025913268500177, -0.42332635308058575, 0.04569615976662097, -0.005758148744695254, 0.9754293540519525, -0.22023718799699712, 1.4908380897645535, 0.43280336871215713, 0.20097478503718308, 0.8788005347123241, -10.09683060407015, 0.0, 0.0, 0.0, 1.0]}
data modify storage ps:ani_data data[-1].frames[-1].part_4 set value {interpolation_duration:1,start_interpolation:0,transformation:[0.901469959429843, -0.028952898819602203, -0.4318722518239617, -0.07141782008915068, -0.005758148744695254, 0.9968698720582172, -0.07884986940805674, 1.5577074620217983, 0.43280336871215713, 0.07356757324103821, 0.8984815280231604, -9.852008622262419, 0.0, 0.0, 0.0, 1.0]}
data modify storage ps:ani_data data[-1].frames[-1].part_5 set value {interpolation_duration:1,start_interpolation:0,transformation:[0.901469959429843, -0.09025913268500177, -0.42332635308058575, -0.05198754333629646, -0.005758148744695254, 0.9754293540519525, -0.22023718799699712, 1.5745350374547042, 0.43280336871215713, 0.20097478503718308, 0.8788005347123241, -9.84198768378613, 0.0, 0.0, 0.0, 1.0]}
data modify storage ps:ani_data data[-1].frames[-1].part_6 set value {interpolation_duration:1,start_interpolation:0,transformation:[0.901469959429843, -0.09025913268500177, -0.42332635308058575, -0.07766248373151899, -0.005758148744695254, 0.9754293540519525, -0.22023718799699712, 1.6102087165182197, 0.43280336871215713, 0.20097478503718308, 0.8788005347123241, -9.838303352983527, 0.0, 0.0, 0.0, 1.0]}
data modify storage ps:ani_data data[-1].frames[-1].part_7 set value {interpolation_duration:1,start_interpolation:0,transformation:[0.9517093390721567, 0.30314627670412153, 0.04849400832336867, 0.244195533166914, -0.22994503903204833, 0.8085450392913709, -0.541645823820202, 1.3277282510904262, -0.2034075046486451, 0.5043384323623807, 0.8392068473832108, -10.049558503922619, 0.0, 0.0, 0.0, 1.0]}
data modify storage ps:ani_data data[-1].frames[-1].part_8 set value {interpolation_duration:1,start_interpolation:0,transformation:[0.9517093390721567, 0.30314627670412153, 0.04849400832336867, 0.2576317145288983, -0.22994503903204833, 0.8085450392913709, -0.541645823820202, 1.104034643858329, -0.2034075046486451, 0.5043384323623807, 0.8392068473832108, -10.194712565574024, 0.0, 0.0, 0.0, 1.0]}
data modify storage ps:ani_data data[-1].frames[-1].part_16 set value {interpolation_duration:1,start_interpolation:0,transformation:[0.0, 0.0, 0.0, 0.14395186076485275, 0.0, 0.0, 0.0, 0.8008302541240648, 0.0, 0.0, 0.0, -10.383839477709916, 0.0, 0.0, 0.0, 1.0]}
data modify storage ps:ani_data data[-1].frames[-1].part_9 set value {interpolation_duration:1,start_interpolation:0,transformation:[0.8744070182320077, -0.44334245528472954, -0.1971289775977062, -0.1886273296466267, 0.35574700690872835, 0.8621002402057354, -0.3608701191740522, 1.350198229864481, 0.3299339836120108, 0.24541932112065049, 0.9115442519585039, -10.227365478167462, 0.0, 0.0, 0.0, 1.0]}
data modify storage ps:ani_data data[-1].frames[-1].part_10 set value {interpolation_duration:1,start_interpolation:0,transformation:[0.8744070182320077, -0.44334245528472954, -0.1971289775977062, -0.15976737378469502, 0.35574700690872835, 0.8621002402057354, -0.3608701191740522, 1.101321887915354, 0.3299339836120108, 0.24541932112065049, 0.9115442519585039, -10.31965161941125, 0.0, 0.0, 0.0, 1.0]}
data modify storage ps:ani_data data[-1].frames[-1].part_15 set value {interpolation_duration:1,start_interpolation:0,transformation:[0.36397343495119755, -0.32089519933521665, 0.8743852753182879, -0.023175570396403066, -0.031288468067674574, 0.9340342919892248, 0.355810305014014, 0.9551604334848591, -0.9308836503107168, -0.15686367467262505, 0.3299233504200579, -10.524057151809883, 0.0, 0.0, 0.0, 1.0]}
data modify storage ps:ani_data data[-1].frames[-1].part_17 set value {interpolation_duration:1,start_interpolation:0,transformation:[0.0, 0.0, 0.0, 0.006486046947078578, 0.0, 0.0, 0.0, 0.7780342978382031, 0.0, 0.0, 0.0, -10.411683864831494, 0.0, 0.0, 0.0, 1.0]}
data modify storage ps:ani_data data[-1].frames[-1].part_11 set value {interpolation_duration:1,start_interpolation:0,transformation:[0.9958073993768181, 0.05411259644416042, -0.07375262878332088, 0.11337392029170248, -0.04368378370400181, 0.9897000534494882, 0.13632876161464413, 0.7487311610279612, 0.08037008390987825, -0.1325353956803688, 0.987914479347361, -9.945760994116815, 0.0, 0.0, 0.0, 1.0]}
data modify storage ps:ani_data data[-1].frames[-1].part_12 set value {interpolation_duration:1,start_interpolation:0,transformation:[0.9958073993768181, 0.038449188847872275, -0.08300170614703982, 0.09308169662514232, -0.04368378370400181, 0.9971072877183669, -0.06219954839244424, 0.3775936409844032, 0.08037008390987825, 0.06556459910548285, 0.9946064211317243, -9.896060220736677, 0.0, 0.0, 0.0, 1.0]}
data modify storage ps:ani_data data[-1].frames[-1].part_13 set value {interpolation_duration:1,start_interpolation:0,transformation:[0.9070146195819747, -0.0520761217493924, -0.41786667420136314, -0.11337973460379122, -9.150778825724071e-18, 0.992323757980808, -0.12366713123076464, 0.7487311610279612, 0.42109913306080987, 0.11216789598806615, 0.900052155847118, -10.051035777382019, 0.0, 0.0, 0.0, 1.0]}
data modify storage ps:ani_data data[-1].frames[-1].part_14 set value {interpolation_duration:1,start_interpolation:0,transformation:[0.9070146195819747, -0.0520761217493924, -0.41786667420136314, -0.09385118894776906, -9.150778825724071e-18, 0.992323757980808, -0.12366713123076464, 0.37660975178515826, 0.42109913306080987, 0.11216789598806615, 0.900052155847118, -10.093098738377543, 0.0, 0.0, 0.0, 1.0]}
#5
data modify storage ps:ani_data data[-1].frames append value {}
data modify storage ps:ani_data data[-1].frames[-1].part_1 set value {interpolation_duration:1,start_interpolation:0,transformation:[0.9066302183965355, 0.061909412173997064, -0.417359403601405, -6.562191660026777e-06, 0.0, 0.9891765124132424, 0.1467304579491741, 0.7480936750023294, 0.4219261156769635, -0.13303026713588342, 0.8968173174819414, -9.997593712814528, 0.0, 0.0, 0.0, 1.0]}
data modify storage ps:ani_data data[-1].frames[-1].part_2 set value {interpolation_duration:1,start_interpolation:0,transformation:[0.908162590739212, 0.03243203674334945, -0.417359403601405, -0.009613766772212675, 0.032125580921321055, 0.9886547019867418, 0.1467304579491741, 1.4464938345300806, 0.4173831043924875, -0.14666302612514423, 0.8968173174819414, -9.976949856785204, 0.0, 0.0, 0.0, 1.0]}
data modify storage ps:ani_data data[-1].frames[-1].part_3 set value {interpolation_duration:1,start_interpolation:0,transformation:[0.9011962910328715, -0.08873319758248334, -0.4242306738973315, 0.04642549693883777, -0.007098739690263137, 0.9756647926590005, -0.2191525045726815, 1.4899760593122613, 0.4333530349765718, 0.20051092741408713, 0.8786355985641242, -10.097366413166439, 0.0, 0.0, 0.0, 1.0]}
data modify storage ps:ani_data data[-1].frames[-1].part_4 set value {interpolation_duration:1,start_interpolation:0,transformation:[0.9011962910328715, -0.027313574589721664, -0.4325496661329514, -0.0707238212333055, -0.007098739690263137, 0.996948183898291, -0.07774269429797803, 1.5571460322514659, 0.4333530349765718, 0.07313198523922819, 0.8982521137250741, -9.852643647598647, 0.0, 0.0, 0.0, 1.0]}
data modify storage ps:ani_data data[-1].frames[-1].part_5 set value {interpolation_duration:1,start_interpolation:0,transformation:[0.9011962910328715, -0.08873319758248334, -0.4242306738973315, -0.051296595920284814, -0.007098739690263137, 0.9756647926590005, -0.2191525045726815, 1.5742239050722966, 0.4333530349765718, 0.20051092741408713, 0.8786355985641242, -9.842560646747742, 0.0, 0.0, 0.0, 1.0]}
data modify storage ps:ani_data data[-1].frames[-1].part_6 set value {interpolation_duration:1,start_interpolation:0,transformation:[0.9011962910328715, -0.08873319758248334, -0.4242306738973315, -0.07689499406782747, -0.007098739690263137, 0.9756647926590005, -0.2191525045726815, 1.6097392888555329, 0.4333530349765718, 0.20051092741408713, 0.8786355985641242, -9.838948615075775, 0.0, 0.0, 0.0, 1.0]}
data modify storage ps:ani_data data[-1].frames[-1].part_7 set value {interpolation_duration:1,start_interpolation:0,transformation:[0.9510890508063201, 0.30528041494097696, 0.04725976819450286, 0.2447402394449236, -0.2327566894787071, 0.8087594222147192, -0.5401226902119797, 1.3267829169754293, -0.20311066180593773, 0.5027047495621842, 0.8402582899492129, -10.049609388929765, 0.0, 0.0, 0.0, 1.0]}
data modify storage ps:ani_data data[-1].frames[-1].part_8 set value {interpolation_duration:1,start_interpolation:0,transformation:[0.9510890508063201, 0.30528041494097696, 0.04725976819450286, 0.2575847342227719, -0.2327566894787071, 0.8087594222147192, -0.5401226902119797, 1.1027721217831208, -0.20311066180593773, 0.5027047495621842, 0.8402582899492129, -10.194327200864617, 0.0, 0.0, 0.0, 1.0]}
data modify storage ps:ani_data data[-1].frames[-1].part_16 set value {interpolation_duration:1,start_interpolation:0,transformation:[0.0, 0.0, 0.0, 0.14310457861990547, 0.0, 0.0, 0.0, 0.7994873384526011, 0.0, 0.0, 0.0, -10.382841481950436, 0.0, 0.0, 0.0, 1.0]}
data modify storage ps:ani_data data[-1].frames[-1].part_9 set value {interpolation_duration:1,start_interpolation:0,transformation:[0.873221447437804, -0.445165622853094, -0.19827221682435328, -0.18790079298790294, 0.35792133437787105, 0.8619810251907425, -0.3590000426299148, 1.349295971031304, 0.33072136630673066, 0.2425206804396965, 0.912034592231718, -10.22785290231204, 0.0, 0.0, 0.0, 1.0]}
data modify storage ps:ani_data data[-1].frames[-1].part_10 set value {interpolation_duration:1,start_interpolation:0,transformation:[0.873221447437804, -0.445165622853094, -0.19827221682435328, -0.15847389797192363, 0.35792133437787105, 0.8619810251907425, -0.3590000426299148, 1.1002455896356929, 0.33072136630673066, 0.2425206804396965, 0.912034592231718, -10.31948820051322, 0.0, 0.0, 0.0, 1.0]}
data modify storage ps:ani_data data[-1].frames[-1].part_15 set value {interpolation_duration:1,start_interpolation:0,transformation:[0.3657724386517841, -0.3220168114514418, 0.873221447437804, -0.021267003782189847, -0.032938410284533565, 0.9331706057978316, 0.3579213343778711, 0.9538121989803275, -0.9301212739480023, -0.1596802856258553, 0.33072136630673077, -10.523286246326352, 0.0, 0.0, 0.0, 1.0]}
data modify storage ps:ani_data data[-1].frames[-1].part_17 set value {interpolation_duration:1,start_interpolation:0,transformation:[0.0, 0.0, 0.0, 0.00846321059798667, 0.0, 0.0, 0.0, 0.7770027051891643, 0.0, 0.0, 0.0, -10.410433455678106, 0.0, 0.0, 0.0, 1.0]}
data modify storage ps:ani_data data[-1].frames[-1].part_11 set value {interpolation_duration:1,start_interpolation:0,transformation:[0.9957484492089934, 0.05413519021288584, -0.07452789463348347, 0.11332221510790691, -0.04341588373469131, 0.9893958308781036, 0.1386035745591103, 0.7480936750023294, 0.08124091910743451, -0.13477860001365852, 0.987539691374953, -9.944852948354907, 0.0, 0.0, 0.0, 1.0]}
data modify storage ps:ani_data data[-1].frames[-1].part_12 set value {interpolation_duration:1,start_interpolation:0,transformation:[0.9957484492089934, 0.037806141382066664, -0.08399834267224641, 0.09302151877807471, -0.04341588373469131, 0.9968751141515488, -0.06599293768936551, 0.37707023842304055, 0.08124091910743451, 0.06935922764229646, 0.994278236010144, -9.894310973349784, 0.0, 0.0, 0.0, 1.0]}
data modify storage ps:ani_data data[-1].frames[-1].part_13 set value {interpolation_duration:1,start_interpolation:0,transformation:[0.9066302183965355, -0.05227187058002661, -0.4186756484873646, -0.11333533949122697, -9.701522573148652e-18, 0.9922961223095099, -0.12388868249162183, 0.7480936750023294, 0.4219261156769634, 0.11232122326423814, 0.8996456500835064, -10.050334477274147, 0.0, 0.0, 0.0, 1.0]}
data modify storage ps:ani_data data[-1].frames[-1].part_14 set value {interpolation_duration:1,start_interpolation:0,transformation:[0.9066302183965355, -0.05227187058002661, -0.4186756484873646, -0.09373338802371697, -9.701522573148652e-18, 0.9922961223095099, -0.12388868249162183, 0.37598262913626307, 0.4219261156769634, 0.11232122326423814, 0.8996456500835064, -10.092454935998235, 0.0, 0.0, 0.0, 1.0]}
#6
data modify storage ps:ani_data data[-1].frames append value {}
