#0
data modify storage ps:ani_data data append value {ani_tag:'coin',height:0.1,width:0.3}
data modify storage ps:ani_data data[-1].parts.part_1 set value {name:'coin',init_pos:[1.0, 0.0, 0.0, 0.0, 0.0, 1.0, 0.0, 0.03125, 0.0, 0.0, 1.0, 0.0, 0.0, 0.0, 0.0, 2.0],item_model:'coin_test'}
#1
data modify storage ps:ani_data data[-1].frames append value {}
data modify storage ps:ani_data data[-1].frames[-1].part_1 set value {interpolation_duration:1,start_interpolation:0,transformation:[0.993517293997214, 0.11303882720429871, -0.012066899880659869, 9.745188722201795e-05, -0.08819743212152024, 0.6994756830529552, -0.7091931907349164, 0.24684921379651772, -0.07172586350559328, 0.7056599693633461, 0.7049109221330723, 0.00044293035909263916, 0.0, 0.0, 0.0, 2.0]}
#2
data modify storage ps:ani_data data[-1].frames append value {}
data modify storage ps:ani_data data[-1].frames[-1].part_1 set value {interpolation_duration:1,start_interpolation:0,transformation:[0.9543764327999874, 0.2585192768584174, -0.1494436616540563, 3.929306627520485e-05, -0.16934040050040305, 0.05636010561643665, -0.9839447988852152, 0.5300640350429587, -0.2459460373218773, 0.9643605767489175, 0.09756651443072431, 0.00023759001945948966, 0.0, 0.0, 0.0, 2.0]}
#3
data modify storage ps:ani_data data[-1].frames append value {}
data modify storage ps:ani_data data[-1].frames[-1].part_1 set value {interpolation_duration:1,start_interpolation:0,transformation:[0.8987662513267103, 0.2717659252869667, -0.34403852593721423, 1.0305251358774624e-05, -0.11341213597826066, -0.6138867577385766, -0.7812046697799919, 0.7866179400942644, -0.42350550514601454, 0.7411385366624358, -0.5209191459189054, 6.136455574859763e-05, 0.0, 0.0, 0.0, 2.0]}
#4
data modify storage ps:ani_data data[-1].frames append value {}
data modify storage ps:ani_data data[-1].frames[-1].part_1 set value {interpolation_duration:1,start_interpolation:0,transformation:[0.8547658155515887, 0.14711149973342055, -0.4977284472587546, 2.6375560771505273e-06, 0.04912856875465389, -0.9776162350339812, -0.2045797661796074, 1.0172340099923118, -0.5166834468962076, 0.15041510444156664, -0.8428603158645483, 1.511577526273263e-05, 0.0, 0.0, 0.0, 2.0]}
#5
data modify storage ps:ani_data data[-1].frames append value {}
data modify storage ps:ani_data data[-1].frames[-1].part_1 set value {interpolation_duration:1,start_interpolation:0,transformation:[0.8440213636956885, -0.05276658221332324, -0.5337074342997249, 6.77511772843738e-07, 0.23617259396919385, -0.8568933217323113, 0.4582099311761243, 1.2221932437105512, -0.4815085082146865, -0.5127860401493891, -0.7107742493540242, 3.687170185834174e-06, 0.0, 0.0, 0.0, 2.0]}
#6
data modify storage ps:ani_data data[-1].frames append value {}
data modify storage ps:ani_data data[-1].frames[-1].part_1 set value {interpolation_duration:1,start_interpolation:0,transformation:[0.871344817928723, -0.22887093062412137, -0.43402339266911466, 1.753211925600041e-07, 0.3557327670604052, -0.31457883321661567, 0.8800536098054593, 1.4016316659164703, -0.33795326112986, -0.9212264948465825, -0.19268974670275352, 8.916479871366699e-07, 0.0, 0.0, 0.0, 2.0]}
#7
data modify storage ps:ani_data data[-1].frames append value {}
data modify storage ps:ani_data data[-1].frames[-1].part_1 set value {interpolation_duration:1,start_interpolation:0,transformation:[0.9228837411586082, -0.2950332161874294, -0.24746919333766013, 4.578981841392541e-08, 0.3510585802586101, 0.3805115651121698, 0.8555517646774481, 1.5556376835322616, -0.15825129867365897, -0.8764509970112353, 0.4547418787687271, 2.1311353313906167e-07, 0.0, 0.0, 0.0, 2.0]}
#8
data modify storage ps:ani_data data[-1].frames append value {}
data modify storage ps:ani_data data[-1].frames[-1].part_1 set value {interpolation_duration:1,start_interpolation:0,transformation:[0.9734080152900186, -0.21974557122279476, -0.06472031904366576, 1.2092795482632015e-08, 0.22706808848572024, 0.8882122132528562, 0.39939848199499156, 1.6842839878209415, -0.030280669751301177, -0.40347360280002226, 0.9144900944695805, 5.008957766115353e-08, 0.0, 0.0, 0.0, 2.0]}
#9
data modify storage ps:ani_data data[-1].frames append value {}
data modify storage ps:ani_data data[-1].frames[-1].part_1 set value {interpolation_duration:1,start_interpolation:0,transformation:[0.9988295653076448, -0.04054687518733564, 0.02637139321090592, 3.2354798697539007e-09, 0.046082645715443064, 0.9633683193185432, -0.26419286723382696, 1.7876380083495136, -0.014693169542564556, 0.26509891030690447, 0.964109266900223, 1.1483016699762228e-08, 0.0, 0.0, 0.0, 2.0]}
#10
data modify storage ps:ani_data data[-1].frames append value {}
data modify storage ps:ani_data data[-1].frames[-1].part_1 set value {interpolation_duration:1,start_interpolation:0,transformation:[0.987729552100682, 0.15526834936734318, -0.016794987101117438, 8.786340211179143e-10, -0.10385390144187195, 0.5727026023546857, -0.8131581005016629, 1.8657653388304625, -0.11663918322025407, 0.804924511330666, 0.5818005087629268, 2.5315529400829235e-09, 0.0, 0.0, 0.0, 2.0]}
#11
data modify storage ps:ani_data data[-1].frames append value {}
data modify storage ps:ani_data data[-1].frames[-1].part_1 set value {interpolation_duration:1,start_interpolation:0,transformation:[0.9464215781526636, 0.27345331770766573, -0.1717832338783136, 2.425697005396586e-10, -0.1518216887548613, -0.09272438612053961, -0.9840489637422475, 1.9187308599876058, -0.2850199488292757, 0.9574055939116083, -0.046240215355440636, 5.220839761566572e-10, 0.0, 0.0, 0.0, 2.0]}
#12
data modify storage ps:ani_data data[-1].frames append value {}
data modify storage ps:ani_data data[-1].frames[-1].part_1 set value {interpolation_duration:1,start_interpolation:0,transformation:[0.8954024973633729, 0.25801794984255944, -0.362878912689174, 6.816269584607594e-11, -0.0772020608393138, -0.7126771914767095, -0.6972309965506645, 1.9465991077821554, -0.4385136366381294, 0.6523173754453521, -0.61821341960078, 9.42989233685894e-11, 0.0, 0.0, 0.0, 2.0]}
#13
data modify storage ps:ani_data data[-1].frames append value {}
data modify storage ps:ani_data data[-1].frames[-1].part_1 set value {interpolation_duration:1,start_interpolation:0,transformation:[0.8592188766105383, 0.11724668018785682, -0.4979921064244396, 1.9508113526184156e-11, 0.0821309544506962, -0.992371962666412, -0.09193690246376, 1.9494343943576793, -0.5049727006454325, 0.038093355044412615, -0.8622943046920338, 1.1727084415285391e-11, 0.0, 0.0, 0.0, 2.0]}
#14
data modify storage ps:ani_data data[-1].frames append value {}
data modify storage ps:ani_data data[-1].frames[-1].part_1 set value {interpolation_duration:1,start_interpolation:0,transformation:[0.8547893806973547, -0.08130139019617671, -0.5125672625121521, 5.6863715251453845e-12, 0.24945293254805934, -0.8017119297223679, 0.5431677606265031, 1.927300847955266, -0.45509158318980797, -0.5921554404824851, -0.6650139737003937, -9.450341617961703e-13, 0.0, 0.0, 0.0, 2.0]}
#15
data modify storage ps:ani_data data[-1].frames append value {}
data modify storage ps:ani_data data[-1].frames[-1].part_1 set value {interpolation_duration:1,start_interpolation:0,transformation:[0.8837198626631145, -0.24363492417911498, -0.3996013364028241, 1.687007840639155e-12, 0.34632880807633537, -0.23386663230320598, 0.9084947743336678, 1.8802624262761172, -0.31479447427029417, -0.9412483317464071, -0.12229479528375305, -1.5052432894098524e-12, 0.0, 0.0, 0.0, 2.0]}
#16
data modify storage ps:ani_data data[-1].frames append value {}
data modify storage ps:ani_data data[-1].frames[-1].part_1 set value {interpolation_duration:1,start_interpolation:0,transformation:[0.9320337075909632, -0.29386765723926317, -0.21202586621200234, 5.087743489058976e-13, 0.3292147877830834, 0.4421737865392104, 0.834326054970427, 1.8083829211426636, -0.15142916304061899, -0.8474220569033373, 0.5088664520820114, -7.917993561028719e-13, 0.0, 0.0, 0.0, 2.0]}
#17
data modify storage ps:ani_data data[-1].frames append value {}
data modify storage ps:ani_data data[-1].frames[-1].part_1 set value {interpolation_duration:1,start_interpolation:0,transformation:[0.9771407254892613, -0.20934183672671913, -0.0370404911711968, 1.5571680277364538e-13, 0.20855484763817808, 0.9101163964714413, 0.35804052899141764, 1.7117259603076684, -0.041241703613407614, -0.357580956245885, 0.9329710507906139, -3.3402613058820515e-13, 0.0, 0.0, 0.0, 2.0]}
#18
data modify storage ps:ani_data data[-1].frames append value {}
data modify storage ps:ani_data data[-1].frames[-1].part_1 set value {interpolation_duration:1,start_interpolation:0,transformation:[0.99853050147808, -0.03026245234202583, 0.04495577378024811, 4.827391679716149e-14, 0.04226560388161907, 0.9540902579644522, -0.2965221718284265, 1.590355008328048, -0.033918377709676734, 0.2979865158619957, 0.9539672845637697, -1.280758027294951e-13, 0.0, 0.0, 0.0, 2.0]}
#19
data modify storage ps:ani_data data[-1].frames append value {}
data modify storage ps:ani_data data[-1].frames[-1].part_1 set value {interpolation_duration:1,start_interpolation:0,transformation:[0.9871232313417303, 0.15994117922271311, -0.0025583850977348764, 1.5132449400568243e-14, -0.09234907594893467, 0.5567540517984401, -0.8255280576560663, 1.4443333671315088, -0.1306115397537225, 0.8151341883364162, 0.5643552787812778, -4.6590635113189094e-14, 0.0, 0.0, 0.0, 2.0]}
#20
data modify storage ps:ani_data data[-1].frames append value {}
data modify storage ps:ani_data data[-1].frames[-1].part_1 set value {interpolation_duration:1,start_interpolation:0,transformation:[0.9490565328014336, 0.2737169004796333, -0.15611135749439614, 4.797790249803888e-15, -0.1345255358825835, -0.09605362272775615, -0.9862436726065101, 1.2737241764818081, -0.28494662261978876, 0.9570019644455783, -0.05433840543187882, -1.636226161183569e-14, 0.0, 0.0, 0.0, 2.0]}
#21
data modify storage ps:ani_data data[-1].frames append value {}
data modify storage ps:ani_data data[-1].frames[-1].part_1 set value {interpolation_duration:1,start_interpolation:0,transformation:[0.9024133298059062, 0.25953475142421034, -0.3439358879090552, 1.5508784471074845e-15, -0.0671379093244306, -0.7037852669013847, -0.707233200029588, 1.078590414410073, -0.42560860343766704, 0.6613078034438427, -0.6176805855651597, -5.5560027972440725e-15, 0.0, 0.0, 0.0, 2.0]}
#22
data modify storage ps:ani_data data[-1].frames append value {}
data modify storage ps:ani_data data[-1].frames[-1].part_1 set value {interpolation_duration:1,start_interpolation:0,transformation:[0.868662959600938, 0.12475434070909962, -0.4794382307363246, 5.253950825233992e-16, 0.07694178462369552, -0.9900040982830551, -0.11820256833789924, 0.8589948976342899, -0.48939209678565526, 0.06578935975515175, -0.8695787116453271, -1.790107717467892e-15, 0.0, 0.0, 0.0, 2.0]}
#23
data modify storage ps:ani_data data[-1].frames append value {}
data modify storage ps:ani_data data[-1].frames[-1].part_1 set value {interpolation_duration:1,start_interpolation:0,transformation:[0.8628901577387503, -0.06869863909837294, -0.500700581848699, 1.9616341380526182e-16, 0.23123193358375363, -0.8272751852028226, 0.5120034773697875, 0.6150002819742009, -0.4493911086889823, -0.5575807250377901, -0.6979622958997282, -5.201122217598356e-16, 0.0, 0.0, 0.0, 2.0]}
#24
data modify storage ps:ani_data data[-1].frames append value {}
data modify storage ps:ani_data data[-1].frames[-1].part_1 set value {interpolation_duration:1,start_interpolation:0,transformation:[0.8872431535179137, -0.23317794482745088, -0.3980296880656441, 8.203390116455829e-17, 0.32648985411016557, -0.2921418509955889, 0.8989201933764717, 0.34666906276398857, -0.3258894930781148, -0.9275134419203407, -0.18307062396346407, -1.2596938486741574e-16, 0.0, 0.0, 0.0, 2.0]}
#25
data modify storage ps:ani_data data[-1].frames append value {}
data modify storage ps:ani_data data[-1].frames[-1].part_1 set value {interpolation_duration:1,start_interpolation:0,transformation:[0.9191453777949249, -0.38814137615400657, 0.0672164161161393, 0.004166335882651678, -0.04028918633562651, 0.07711087897606228, 0.9962081578706088, 0.26367579416311837, -0.3918527222600823, -0.9183682183420835, 0.055238207760116245, 0.0029458146419359013, 0.0, 0.0, 0.0, 2.0]}
#26
data modify storage ps:ani_data data[-1].frames append value {}
data modify storage ps:ani_data data[-1].frames[-1].part_1 set value {interpolation_duration:1,start_interpolation:0,transformation:[0.921979145295881, -0.3221104041712487, 0.21494032465805804, 0.0015276671506556214, -0.08306941006707465, 0.377620421046622, 0.9222268108874736, 0.25980417825909485, -0.3782247066897993, -0.8681288528399494, 0.3214006317918627, 0.0009039970277381888, 0.0, 0.0, 0.0, 2.0]}
#27
data modify storage ps:ani_data data[-1].frames append value {}
data modify storage ps:ani_data data[-1].frames[-1].part_1 set value {interpolation_duration:1,start_interpolation:0,transformation:[0.9237731981324699, -0.21363890796042115, 0.31780732436114, 0.0004137262719182812, -0.11337682825337624, 0.640122237382618, 0.7598613136773548, 0.23363909726930357, -0.3657714767820375, -0.7379715023046283, 0.5671060646465855, 0.0002711845509987627, 0.0, 0.0, 0.0, 2.0]}
#28
data modify storage ps:ani_data data[-1].frames append value {}
data modify storage ps:ani_data data[-1].frames[-1].part_1 set value {interpolation_duration:1,start_interpolation:0,transformation:[0.9233382340212187, -0.08396652771596308, 0.37469471282352196, 0.00011977419850609132, -0.13312978721226956, 0.8452732514638083, 0.5174839032439728, 0.1845036215026188, -0.3601707447189361, -0.5276957007434551, 0.7692946653041866, 0.00010118714129446896, 0.0, 0.0, 0.0, 2.0]}
#29
data modify storage ps:ani_data data[-1].frames append value {}
data modify storage ps:ani_data data[-1].frames[-1].part_1 set value {interpolation_duration:1,start_interpolation:0,transformation:[0.9226999724286596, 0.04628539065971298, 0.38273022286151936, 3.864819075508264e-05, -0.1341409071192184, 0.9692776431663551, 0.20617242176175998, 0.11255999215746237, -0.3614290772992453, -0.2415750671517108, 0.900561218914773, 7.062442276704988e-05, 0.0, 0.0, 0.0, 2.0]}
#30
data modify storage ps:ani_data data[-1].frames append value {}
data modify storage ps:ani_data data[-1].frames[-1].part_1 set value {interpolation_duration:1,start_interpolation:0,transformation:[0.9328154532337462, -0.029281371824651, 0.3591628202812572, -0.0002277813743525577, 0.03457838919563477, 0.999367259296433, -0.00833162931072418, 0.028547231934219583, -0.35869160180990467, 0.020191144355945885, 0.9332377255987041, -9.267335202638479e-05, 0.0, 0.0, 0.0, 2.0]}
#31
data modify storage ps:ani_data data[-1].frames append value {}
data modify storage ps:ani_data data[-1].frames[-1].part_1 set value {interpolation_duration:1,start_interpolation:0,transformation:[0.9329418831239676, -0.02100029156960002, 0.3594140098369795, -0.00029614624365191847, 0.007949508437511832, 0.9992555575678941, 0.03775097330240696, 0.036768439638469486, -0.3599392282437503, -0.03236229941875116, 0.9324143035945041, -4.1440184558701875e-05, 0.0, 0.0, 0.0, 2.0]}
#32
data modify storage ps:ani_data data[-1].frames append value {}
data modify storage ps:ani_data data[-1].frames[-1].part_1 set value {interpolation_duration:1,start_interpolation:0,transformation:[0.9341911367580856, 0.004345971709084742, 0.3567464541274934, -3.822810557506242e-05, -0.00012793400678416496, 0.9999298210661126, -0.011846373942333406, 0.029424489369887362, -0.3567729020476834, 0.011021137536367236, 0.9341261322176349, 9.779086040051732e-05, 0.0, 0.0, 0.0, 2.0]}
#33
data modify storage ps:ani_data data[-1].frames append value {}
data modify storage ps:ani_data data[-1].frames[-1].part_1 set value {interpolation_duration:1,start_interpolation:0,transformation:[0.9339233910948727, 0.00034063670849934216, 0.3574730528759982, 2.203447774259263e-05, 0.0010272654068423366, 0.9999928595519185, -0.003636697809958326, 0.03072008652141766, -0.35747173915099534, 0.0037636168521614118, 0.9339163725390794, -6.38672968098559e-05, 0.0, 0.0, 0.0, 2.0]}
#34
data modify storage ps:ani_data data[-1].frames append value {}
data modify storage ps:ani_data data[-1].frames[-1].part_1 set value {interpolation_duration:1,start_interpolation:0,transformation:[0.9339232396544105, 5.316432631686986e-06, 0.35747361078147555, 2.040202857340212e-05, 0.0003206548249847045, 0.9999995851233818, -0.0008526039802498076, 0.031206948387683748, -0.3574734670068445, 0.00091089230947893, 0.9339228504867554, -0.00012824900502320113, 0.0, 0.0, 0.0, 2.0]}
#35
data modify storage ps:ani_data data[-1].frames append value {}
data modify storage ps:ani_data data[-1].frames[-1].part_1 set value {interpolation_duration:1,start_interpolation:0,transformation:[0.9339199038758922, -3.9445375782726076e-05, 0.35748232346300224, 1.594356220820195e-05, 5.46354483464184e-05, 0.9999999979828459, -3.239253021679301e-05, 0.03135639199692704, -0.3574823214641698, 4.978323572468477e-05, 0.9339199041471475, -0.00011139332679773972, 0.0, 0.0, 0.0, 2.0]}
#36
data modify storage ps:ani_data data[-1].frames append value {}
data modify storage ps:ani_data data[-1].frames[-1].part_1 set value {interpolation_duration:1,start_interpolation:0,transformation:[0.9339199951389048, 8.222920603090942e-06, 0.35748208712064355, -2.3218578864477504e-05, 1.0028116131762753e-05, 0.9999999987393625, -4.920072752013813e-05, 0.03136574769356709, -0.35748208707456197, 4.9534415091108726e-05, 0.93391999387911, -5.35171817172832e-05, 0.0, 0.0, 0.0, 2.0]}
#37
data modify storage ps:ani_data data[-1].frames append value {}
data modify storage ps:ani_data data[-1].frames[-1].part_1 set value {interpolation_duration:1,start_interpolation:0,transformation:[0.9339200908122232, 2.492851002554422e-06, 0.35748183726040483, 2.8553811608470906e-05, -6.94768138756776e-06, 0.9999999999133973, 1.1177430049858685e-05, 0.031355549964784804, -0.3574818372015823, -1.2922496394338937e-05, 0.9339200907486628, -1.7699049780689653e-05, 0.0, 0.0, 0.0, 2.0]}
#38
data modify storage ps:ani_data data[-1].frames append value {}
data modify storage ps:ani_data data[-1].frames[-1].part_1 set value {interpolation_duration:1,start_interpolation:0,transformation:[0.933920576051367, -2.6534431765755497e-05, 0.35748056859612176, 5.4481621392317066e-05, 2.8140025248845513e-05, 0.9999999996038171, 7.102013005580471e-07, 0.03135034004083787, -0.3574805684733389, 9.396240618536917e-06, 0.9339205764280433, 1.6851888266590607e-05, 0.0, 0.0, 0.0, 2.0]}
#39
data modify storage ps:ani_data data[-1].frames append value {}
data modify storage ps:ani_data data[-1].frames[-1].part_1 set value {interpolation_duration:1,start_interpolation:0,transformation:[0.9339203281095686, -2.1017767881352127e-05, 0.3574812167121079, 4.576022383785322e-05, 3.515402159117739e-05, 0.9999999988360816, -3.304589715388527e-05, 0.031359250022401496, -0.35748121560147794, 4.34291375233694e-05, 0.9339203277614209, 1.3828226593870343e-07, 0.0, 0.0, 0.0, 2.0]}
#40
data modify storage ps:ani_data data[-1].frames append value {}
data modify storage ps:ani_data data[-1].frames[-1].part_1 set value {interpolation_duration:1,start_interpolation:0,transformation:[0.9339202151020407, -1.948596704414798e-05, 0.35748151203111894, 1.7584537717016726e-05, 2.5710812599747934e-05, 0.9999999995893334, -1.2660460597652193e-05, 0.03135636890619247, -0.357481511637612, 2.1015000248356885e-05, 0.9339202152195109, -2.2654677340837336e-05, 0.0, 0.0, 0.0, 2.0]}
#41
data modify storage ps:ani_data data[-1].frames append value {}
data modify storage ps:ani_data data[-1].frames[-1].part_1 set value {interpolation_duration:1,start_interpolation:0,transformation:[0.9339199715146989, -1.0661884593052197e-05, 0.3574821487743237, 2.1132544628505228e-05, 3.0434260136785075e-05, 0.999999998302609, -4.968437961436512e-05, 0.03135129503504968, -0.3574821476378076, 5.728093910422805e-05, 0.9339199702539582, -5.345659968390178e-05, 0.0, 0.0, 0.0, 2.0]}
#42
data modify storage ps:ani_data data[-1].frames append value {}
data modify storage ps:ani_data data[-1].frames[-1].part_1 set value {interpolation_duration:1,start_interpolation:0,transformation:[0.9339206459202355, -1.5994854706117276e-05, 0.35748038669008736, 6.291835418517931e-05, 2.6810282508849053e-05, 0.9999999993205898, -2.5298791204896255e-05, 0.03136271114480219, -0.3574803860425611, 3.321121358161174e-05, 0.9339206457145469, -6.433989667719894e-05, 0.0, 0.0, 0.0, 2.0]}
#43
data modify storage ps:ani_data data[-1].frames append value {}
data modify storage ps:ani_data data[-1].frames[-1].part_1 set value {interpolation_duration:1,start_interpolation:0,transformation:[0.9339186695673414, -5.455132756320822e-07, 0.3574855502440193, -6.449710285585538e-06, 1.4578537926068796e-05, 0.9999999992254178, -3.655995454926869e-05, 0.031350334382021346, -0.3574855499471735, 3.9355640764349503e-05, 0.9339186688518972, -0.00010423505362830418, 0.0, 0.0, 0.0, 2.0]}
#44
data modify storage ps:ani_data data[-1].frames append value {}
data modify storage ps:ani_data data[-1].frames[-1].part_1 set value {interpolation_duration:1,start_interpolation:0,transformation:[0.9339185928735043, 3.5713202101505956e-05, 0.357485748820482, -7.776155184447528e-05, -8.886190977751538e-06, 0.9999999970201313, -7.668619829347352e-05, 0.03135924351879455, -0.35748575049393105, 6.844197976721601e-05, 0.933918590407904, -7.341367833752346e-05, 0.0, 0.0, 0.0, 2.0]}
#45
data modify storage ps:ani_data data[-1].frames append value {}
data modify storage ps:ani_data data[-1].frames[-1].part_1 set value {interpolation_duration:1,start_interpolation:0,transformation:[0.933919292091689, -7.418506450168673e-06, 0.35748392383983413, -6.503343392124122e-05, 5.298468226161042e-06, 0.99999999996209, 6.90986248670453e-06, 0.031355490227049504, -0.35748392387754285, -4.559136670205278e-06, 0.9339192920955907, -4.640993969537738e-05, 0.0, 0.0, 0.0, 2.0]}
#46
data modify storage ps:ani_data data[-1].frames append value {}
data modify storage ps:ani_data data[-1].frames[-1].part_1 set value {interpolation_duration:1,start_interpolation:0,transformation:[0.933918178278531, -3.8908609511450786e-05, 0.3574868315994726, -5.7491764929132e-05, 4.351870030594105e-05, 0.9999999990412934, -4.851355863558285e-06, 0.03136774016378987, -0.3574868310679881, 2.008813171797309e-05, 0.9339181790764297, -3.573384884730414e-05, 0.0, 0.0, 0.0, 2.0]}
#47
data modify storage ps:ani_data data[-1].frames append value {}
data modify storage ps:ani_data data[-1].frames[-1].part_1 set value {interpolation_duration:1,start_interpolation:0,transformation:[0.9339175951288737, -3.1306232725881516e-05, 0.3574883557944519, -6.370003563503564e-05, 4.315000646745624e-05, 0.9999999987526728, -2.5154155197771206e-05, 0.03135796941529123, -0.35748835456106504, 3.891753299437185e-05, 0.933917595314837, -9.71331185569831e-06, 0.0, 0.0, 0.0, 2.0]}
#48
data modify storage ps:ani_data data[-1].frames append value {}
data modify storage ps:ani_data data[-1].frames[-1].part_1 set value {interpolation_duration:1,start_interpolation:0,transformation:[0.9339178558558401, -1.9907844278951876e-05, 0.3574876754761027, -4.107998935851732e-05, 2.8721890592034583e-05, 0.9999999994003878, -1.934623956368086e-05, 0.031355653802803175, -0.3574876748766069, 2.8335520475211648e-05, 0.9339178558676428, -5.758422364597935e-05, 0.0, 0.0, 0.0, 2.0]}
#49
data modify storage ps:ani_data data[-1].frames append value {}
data modify storage ps:ani_data data[-1].frames[-1].part_1 set value {interpolation_duration:1,start_interpolation:0,transformation:[0.9339173461295439, -2.0798467837983997e-05, 0.35748900705584413, 4.399360465767729e-05, 3.51605836551007e-05, 0.9999999988148477, -3.3675472321089384e-05, 0.03136366666539889, -0.35748900593176713, 4.40196298781366e-05, 0.933917345753996, 1.4474580471495273e-05, 0.0, 0.0, 0.0, 2.0]}
#50
data modify storage ps:ani_data data[-1].frames append value {}
data modify storage ps:ani_data data[-1].frames[-1].part_1 set value {interpolation_duration:1,start_interpolation:0,transformation:[0.9339212235900061, -2.2940687434859932e-05, 0.3574788771408327, 3.419107875111746e-05, 3.600303718225701e-05, 0.9999999989053293, -2.9885159128587378e-05, 0.031363956432295226, -0.357478876063925, 4.078070968612526e-05, 0.9339212233936041, 2.576205268709138e-06, 0.0, 0.0, 0.0, 2.0]}
#51
data modify storage ps:ani_data data[-1].frames append value {}
data modify storage ps:ani_data data[-1].frames[-1].part_1 set value {interpolation_duration:1,start_interpolation:0,transformation:[0.9339224517644087, -1.7561832312730825e-05, 0.3574756687971049, 3.9088135695360035e-05, 8.686648498178568e-06, 0.9999999996129177, 2.6433061233774584e-05, 0.03135416006549905, -0.3574756691229454, -2.1581163873593764e-05, 0.9339224515554574, -2.863937960902473e-06, 0.0, 0.0, 0.0, 2.0]}
#52
data modify storage ps:ani_data data[-1].frames append value {}
data modify storage ps:ani_data data[-1].frames[-1].part_1 set value {interpolation_duration:1,start_interpolation:0,transformation:[0.9339308023755993, 2.96658438820289e-05, 0.3574538508591099, 1.8929779834912223e-05, -3.519823973069028e-05, 0.9999999993402986, 8.971441778362516e-06, 0.03135210016449253, -0.3574538503571517, -2.0960452153729445e-05, 0.9339308028036694, 4.52779438545057e-06, 0.0, 0.0, 0.0, 2.0]}
#53
data modify storage ps:ani_data data[-1].frames append value {}
data modify storage ps:ani_data data[-1].frames[-1].part_1 set value {interpolation_duration:1,start_interpolation:0,transformation:[0.9339303159792558, 1.4548252962174501e-05, 0.35745512261434387, 2.4086477161667227e-05, -1.806768098870838e-05, 0.9999999998156135, 6.506277034988804e-06, 0.03136044387876749, -0.3574551224537791, -1.2534794490311275e-05, 0.9339303160699048, -1.9761115253336672e-05, 0.0, 0.0, 0.0, 2.0]}
#54
data modify storage ps:ani_data data[-1].frames append value {}
data modify storage ps:ani_data data[-1].frames[-1].part_1 set value {interpolation_duration:1,start_interpolation:0,transformation:[0.9339289338610121, -2.285115783440949e-05, 0.35745873324771027, 1.847888943111979e-06, 3.897097239207789e-05, 0.9999999985227156, -3.789237648202059e-05, 0.031362180210578315, -0.35745873185375737, 4.931930119401724e-05, 0.9339289333718652, 2.843098209261113e-05, 0.0, 0.0, 0.0, 2.0]}
#55
data modify storage ps:ani_data data[-1].frames append value {}
data modify storage ps:ani_data data[-1].frames[-1].part_1 set value {interpolation_duration:1,start_interpolation:0,transformation:[0.933928760254695, -3.792694124616281e-05, 0.35745918554525224, 3.239365458321955e-05, 5.108627484582385e-05, 0.9999999983205115, -2.7370957429452733e-05, 0.03135722751260741, -0.357459183906807, 4.382378253800194e-05, 0.9339287606237188, 5.3650824893330776e-05, 0.0, 0.0, 0.0, 2.0]}
#56
data modify storage ps:ani_data data[-1].frames append value {}
data modify storage ps:ani_data data[-1].frames[-1].part_1 set value {interpolation_duration:1,start_interpolation:0,transformation:[0.9339227652584785, -2.1878482255725665e-05, 0.3574748495395004, -7.897191332201245e-06, 3.724719537190723e-05, 0.9999999986544473, -3.610749536700237e-05, 0.031359255472074216, -0.3574748482685222, 4.703654748104947e-05, 0.9339227648167483, 6.629675333036095e-05, 0.0, 0.0, 0.0, 2.0]}
#57
data modify storage ps:ani_data data[-1].frames append value {}
data modify storage ps:ani_data data[-1].frames[-1].part_1 set value {interpolation_duration:1,start_interpolation:0,transformation:[0.9339222714568898, 1.7285792829073888e-05, 0.35747613987230675, -2.5647217539791485e-05, -2.005350860824359e-05, 0.9999999997907855, 4.035585382423034e-06, 0.03135664079938823, -0.35747613972775927, -1.0937573915181736e-05, 0.9339222716081402, 5.7540318971341576e-05, 0.0, 0.0, 0.0, 2.0]}
#58
data modify storage ps:ani_data data[-1].frames append value {}
data modify storage ps:ani_data data[-1].frames[-1].part_1 set value {interpolation_duration:1,start_interpolation:0,transformation:[0.9339238443848548, -2.289886688690795e-05, 0.3574720301856569, -1.2634309457053464e-05, 3.9124570066478316e-05, 0.9999999985066084, -3.815823583902419e-05, 0.031359489924621176, -0.35747202877803086, 4.962282580153041e-05, 0.9339238438860491, -2.4049459389883264e-05, 0.0, 0.0, 0.0, 2.0]}
#59
data modify storage ps:ani_data data[-1].frames append value {}
data modify storage ps:ani_data data[-1].frames[-1].part_1 set value {interpolation_duration:1,start_interpolation:0,transformation:[0.9339238337344559, -2.4668334891316672e-05, 0.3574720578929349, 2.764568583462481e-05, 4.0446645912865855e-05, 0.9999999985099719, -3.66623109938535e-05, 0.03136112197516329, -0.3574720564558933, 4.869835178628357e-05, 0.9339238333406346, -7.107162339456761e-05, 0.0, 0.0, 0.0, 2.0]}
data modify storage ps:ani_data data[-1].frames[-1].is_last set value 1
data modify storage ps:ani_data data[-1].frames[-1].keep_alive set value 1
