#0
data modify storage ps:ani_data data append value {ani_tag:'nagi',height:2.4,width:0.8}
data modify storage ps:ani_data data[-1].parts.part_5 set value {name:'nagi_part',init_pos:[0.9973109117911011, 0.051635593468037026, 0.05200683329723285, 0.31185353435880503, -0.0728171455839631, 0.7783768942110094, 0.6235600002144357, 1.3231848422656072, -0.008283026705648136, -0.6256701815218836, 0.7800437266095837, 0.5380468989277831, 0.0, 0.0, 0.0, 1.0],item_model:'minecraft:nagi_left_leg'}
data modify storage ps:ani_data data[-1].parts.part_6 set value {name:'nagi_part',init_pos:[0.9261980361900083, 0.30235532241904445, 0.2252519850359763, -0.043880754935029416, -0.3267648278090839, 0.9417575718990228, 0.07948221862628566, 1.2250803765823763, -0.18810089065358448, -0.14722070090762585, 0.9710530985273645, 0.6304392551643393, 0.0, 0.0, 0.0, 1.0],item_model:'minecraft:nagi_right_leg'}
data modify storage ps:ani_data data[-1].parts.part_1 set value {name:'nagi_part',init_pos:[0.8673364692327542, -0.0722904202433624, 0.49244445806598103, -0.013400000000000052, -0.06365742318531312, 0.9651587966777667, 0.2538035257220262, 0.9957000000000003, -0.49363466411128953, -0.251480799140935, 0.8325156010857521, 0.30107297632018115, 0.0, 0.0, 0.0, 1.0],item_model:'minecraft:nagi_body'}
data modify storage ps:ani_data data[-1].parts.part_2 set value {name:'nagi_part',init_pos:[0.5668499016379214, -0.1192149766988834, 0.8151496662231811, -0.08160000000000009, -0.02032620099005443, 0.9871490180473276, 0.1585044533175918, 1.767000000000001, -0.8235702972827461, -0.10641712972487756, 0.5571421362046923, 0.11809999999999964, 0.0, 0.0, 0.0, 1.0],item_model:'minecraft:nagi_head'}
data modify storage ps:ani_data data[-1].parts.part_10 set value {name:'nagi_part',init_pos:[0.570552457985475, -0.07949756016241924, 0.8174044473912259, -0.07229847435866535, -0.06055379591077293, 0.9885225463770557, 0.13840669458165045, 2.1090148158224675, -0.819025720284491, -0.12846522187909196, 0.5591900895760104, 0.3437282282398707, 0.0, 0.0, 0.0, 1.0],item_model:'minecraft:nagi_hair_ahoge'}
data modify storage ps:ani_data data[-1].parts.part_12 set value {name:'nagi_part',init_pos:[0.5681877983788467, -0.10744623518248617, 0.8158541121539493, -0.05177222759365578, -0.03224774594495729, 0.9877701757300738, 0.15254560898186725, 2.231138055516506, -0.8222668111111311, -0.11298400985665683, 0.5577740625574501, 0.2789529434440901, 0.0, 0.0, 0.0, 1.0],item_model:'minecraft:nagi_hair_front_right'}
data modify storage ps:ani_data data[-1].parts.part_11 set value {name:'nagi_part',init_pos:[0.5568211620166554, -0.17922607922638012, 0.8110660922856785, 0.05451212896345479, 0.04050060171872086, 0.9811408312166037, 0.18900362583827177, 2.22732689283087, -0.8296444387753364, -0.07239255379340605, 0.5535787417923722, 0.12453351270357597, 0.0, 0.0, 0.0, 1.0],item_model:'minecraft:nagi_hair_front_left'}
data modify storage ps:ani_data data[-1].parts.part_14 set value {name:'nagi_part',init_pos:[0.5698751566757274, -0.08901509619874501, 0.8168957206721941, -0.24004090886287138, -0.05091525116003431, 0.9883802733524037, 0.14322036324188694, 2.2026888580813355, -0.8201523901099879, -0.12321017773120688, 0.5587211371519057, 0.22596193648588211, 0.0, 0.0, 0.0, 1.0],item_model:'minecraft:nagi_hair_right'}
data modify storage ps:ani_data data[-1].parts.part_13 set value {name:'nagi_part',init_pos:[0.566459675034, -0.12234546954866891, 0.8149570679743141, -0.02747219574865099, -0.017154762315380503, 0.986953292072087, 0.16009032887083577, 2.195066532710065, -0.8239108875905682, -0.10466511046659854, 0.5569704336504199, -0.08287692499514776, 0.0, 0.0, 0.0, 1.0],item_model:'minecraft:nagi_hair_left'}
data modify storage ps:ani_data data[-1].parts.part_15 set value {name:'nagi_part',init_pos:[0.5668499016379214, -0.10937007226039133, 0.8165288582204768, -0.33754396886155713, -0.02032620099005443, 0.9889897845772322, 0.14658121146719832, 2.1592515820663003, -0.8235702972827461, -0.09968647498851775, 0.5583856840374518, -0.06774302830580617, 0.0, 0.0, 0.0, 1.0],item_model:'minecraft:nagi_hair_back'}
data modify storage ps:ani_data data[-1].parts.part_16 set value {name:'nagi_part',init_pos:[0.5668499016379214, -0.08942180041441009, 0.8189535582825953, -0.26343483106268895, -0.02032620099005443, 0.9922707846709258, 0.12241542158509623, 2.10657237832335, -0.8235702972827461, -0.08603738431164874, 0.5606509912007818, -0.01543477277841518, 0.0, 0.0, 0.0, 1.0],item_model:'minecraft:nagi_hair_back_bottom'}
data modify storage ps:ani_data data[-1].parts.part_7 set value {name:'nagi_part',init_pos:[0.5668499016379214, -0.1192149766988834, 0.8151496662231811, 0.06384980350731975, -0.02032620099005443, 0.9871490180473276, 0.1585044533175918, 1.917497199595309, -0.8235702972827461, -0.10641712972487756, 0.5571421362046923, 0.17658088441676803, 0.0, 0.0, 0.0, 1.0],item_model:'minecraft:nagi_eye'}
data modify storage ps:ani_data data[-1].parts.part_8 set value {name:'nagi_part',init_pos:[0.5668499016379214, -0.1192149766988834, 0.8151496662231811, 0.05285888363975943, -0.02032620099005443, 0.9871490180473276, 0.1585044533175918, 1.9046838690616352, -0.8235702972827461, -0.10641712972487756, 0.5571421362046923, 0.20724772085897833, 0.0, 0.0, 0.0, 1.0],item_model:'minecraft:nagi_eyelid'}
data modify storage ps:ani_data data[-1].parts.part_9 set value {name:'nagi_part',init_pos:[0.5668499016379214, -0.1192149766988834, 0.8151496662231811, 0.0533721851167171, -0.02032620099005443, 0.9871490180473276, 0.1585044533175918, 1.9481922230830675, -0.8235702972827461, -0.10641712972487756, 0.5571421362046923, 0.20652720597540433, 0.0, 0.0, 0.0, 1.0],item_model:'minecraft:nagi_eyebrow'}
data modify storage ps:ani_data data[-1].parts.part_3 set value {name:'nagi_part',init_pos:[0.5861806713010514, -0.032402682382395936, 0.7234420257167185, 0.17956775640734812, 0.19921532388811736, 0.9552186040186551, -0.18063130209169248, 1.6006264421457845, -0.5824134917060226, 0.29412154751238007, 0.6663362275394837, 0.015963164879114304, 0.0, 0.0, 0.0, 1.0],item_model:'minecraft:nagi_left_arm'}
data modify storage ps:ani_data data[-1].parts.part_4 set value {name:'nagi_part',init_pos:[0.7305739432117544, 0.25901159522095635, 0.44065278932325647, -0.2820761625443166, -0.16430789145298105, 0.9627873024286362, -0.18887669302952173, 1.5990595150559566, -0.4021997393165534, 0.07715959968328806, 0.8775823118613237, 0.3291485043100075, 0.0, 0.0, 0.0, 1.0],item_model:'minecraft:nagi_right_arm'}
#1
data modify storage ps:ani_data data[-1].frames append value {}
data modify storage ps:ani_data data[-1].frames[-1].part_5 set value {interpolation_duration:1,start_interpolation:0,transformation:[0.9973101554044937, 0.05163899957694041, 0.05201795507089107, 0.3118363057252673, -0.0728164465181933, 0.7791501011085111, 0.6225936757300542, 1.3229792289270592, -0.008379680395312727, -0.6247067581396007, 0.7808144768709036, 0.5375569050872686, 0.0, 0.0, 0.0, 1.0]}
data modify storage ps:ani_data data[-1].frames[-1].part_6 set value {interpolation_duration:1,start_interpolation:0,transformation:[0.9256863661555332, 0.30382428148143414, 0.2253786979642356, -0.04423686284250942, -0.3268684811967468, 0.9423043467767881, 0.07224620436883, 1.2238135671913566, -0.1904251756304714, -0.14054651908838225, 0.9715888680188978, 0.6283416727348734, 0.0, 0.0, 0.0, 1.0]}
data modify storage ps:ani_data data[-1].frames[-1].part_1 set value {interpolation_duration:1,start_interpolation:0,transformation:[0.8673364692327542, -0.0722904202433624, 0.49244445806598103, -0.013400000000000052, -0.06365742318531312, 0.9651587966777667, 0.2538035257220262, 0.9957000000000003, -0.49363466411128953, -0.251480799140935, 0.8325156010857521, 0.30107297632018115, 0.0, 0.0, 0.0, 1.0]}
data modify storage ps:ani_data data[-1].frames[-1].part_2 set value {interpolation_duration:1,start_interpolation:0,transformation:[0.566890523952664, -0.11872815922106009, 0.8151924668816884, -0.08159642770840085, -0.020512216160917945, 0.9872184961422408, 0.15804711279495098, 1.7669787605066583, -0.8235377239937717, -0.10631681467496461, 0.5572094328675057, 0.11810126571354705, 0.0, 0.0, 0.0, 1.0]}
data modify storage ps:ani_data data[-1].frames[-1].part_10 set value {interpolation_duration:1,start_interpolation:0,transformation:[0.5708443657496138, -0.07452575117334771, 0.8176690176984631, -0.07214236316579047, -0.06528192083151238, 0.9885995181444402, 0.13568074121675716, 2.108964414730327, -0.8184589060572736, -0.13083159074408876, 0.5594712807275293, 0.34376735303911077, 0.0, 0.0, 0.0, 1.0]}
data modify storage ps:ani_data data[-1].frames[-1].part_12 set value {interpolation_duration:1,start_interpolation:0,transformation:[0.5684621151787066, -0.10462872025628564, 0.8160291995413416, -0.051552725321381554, -0.034794621616034555, 0.9879351855566935, 0.15090859301463988, 2.2310847132380505, -0.8219733316313538, -0.11417924520942128, 0.5579632085095388, 0.27900664345513015, 0.0, 0.0, 0.0, 1.0]}
data modify storage ps:ani_data data[-1].frames[-1].part_11 set value {interpolation_duration:1,start_interpolation:0,transformation:[0.5560531549511625, -0.1826451115579481, 0.8108302239635886, 0.05473924791974329, 0.04427683711993566, 0.9806802700698125, 0.19054072947916958, 2.2272386727078772, -0.8299665358094344, -0.07004977601523142, 0.5533973060258811, 0.1245933202062987, 0.0, 0.0, 0.0, 1.0]}
data modify storage ps:ani_data data[-1].frames[-1].part_14 set value {interpolation_duration:1,start_interpolation:0,transformation:[0.5700986920351402, -0.0859104149682042, 0.8170721399850893, -0.23983197060873862, -0.05375268134309838, 0.9884865914889855, 0.14143870649477236, 2.202732893099054, -0.8198159126220042, -0.1245538399507537, 0.5589169977423055, 0.22600098254208373, 0.0, 0.0, 0.0, 1.0]}
data modify storage ps:ani_data data[-1].frames[-1].part_13 set value {interpolation_duration:1,start_interpolation:0,transformation:[0.5663228566105691, -0.12326288844634961, 0.8149139110435579, -0.027248024126489773, -0.015918098357983704, 0.986932751053332, 0.16034450113105614, 2.1950408120387097, -0.8240297544537516, -0.10377863571161686, 0.5569604640768725, -0.08282566395558077, 0.0, 0.0, 0.0, 1.0]}
data modify storage ps:ani_data data[-1].frames[-1].part_15 set value {interpolation_duration:1,start_interpolation:0,transformation:[0.566890523952664, -0.10693366239089797, 0.8168233136366417, -0.33733811408803704, -0.020512216160917945, 0.9893996569670689, 0.14376219176686855, 2.1593750743701423, -0.8235377239937717, -0.09825228058989548, 0.5586878435388071, -0.06771469892362525, 0.0, 0.0, 0.0, 1.0]}
data modify storage ps:ani_data data[-1].frames[-1].part_16 set value {interpolation_duration:1,start_interpolation:0,transformation:[0.566890523952664, -0.08472815735861157, 0.8194243547779676, -0.26336421869805876, -0.020512216160917945, 0.9929365577445041, 0.11685992162697462, 2.1064379014016827, -0.8235377239937717, -0.08305499169290924, 0.5611483631928805, -0.015475490205061391, 0.0, 0.0, 0.0, 1.0]}
data modify storage ps:ani_data data[-1].frames[-1].part_7 set value {interpolation_duration:1,start_interpolation:0,transformation:[0.566890523952664, -0.11872815922106009, 0.8151924668816884, 0.06398573147164108, -0.020512216160917945, 0.9872184961422408, 0.15804711279495098, 1.9173965314083987, -0.8235377239937717, -0.10631681467496461, 0.5572094328675057, 0.1765163322935954, 0.0, 0.0, 0.0, 1.0]}
data modify storage ps:ani_data data[-1].frames[-1].part_8 set value {interpolation_duration:1,start_interpolation:0,transformation:[0.566890523952664, -0.11872815922106009, 0.8151924668816884, 0.052923950684630315, -0.020512216160917945, 0.9872184961422408, 0.15804711279495098, 1.904587477477048, -0.8235377239937717, -0.10631681467496461, 0.5572094328675057, 0.207272248294995, 0.0, 0.0, 0.0, 1.0]}
data modify storage ps:ani_data data[-1].frames[-1].part_9 set value {interpolation_duration:1,start_interpolation:0,transformation:[0.566890523952664, -0.11872815922106009, 0.8151924668816884, 0.05345846402567759, -0.020512216160917945, 0.9872184961422408, 0.15804711279495098, 1.948095654892537, -0.8235377239937717, -0.10631681467496461, 0.5572094328675057, 0.20655650865760555, 0.0, 0.0, 0.0, 1.0]}
data modify storage ps:ani_data data[-1].frames[-1].part_3 set value {interpolation_duration:1,start_interpolation:0,transformation:[0.5861806713010514, -0.032402682382395936, 0.7234420257167185, 0.17956775640734812, 0.19921532388811736, 0.9552186040186551, -0.18063130209169248, 1.6006264421457845, -0.5824134917060226, 0.29412154751238007, 0.6663362275394837, 0.015963164879114304, 0.0, 0.0, 0.0, 1.0]}
data modify storage ps:ani_data data[-1].frames[-1].part_4 set value {interpolation_duration:1,start_interpolation:0,transformation:[0.7305739432117544, 0.25901159522095635, 0.44065278932325647, -0.2820761625443166, -0.16430789145298105, 0.9627873024286362, -0.18887669302952173, 1.5990595150559566, -0.4021997393165534, 0.07715959968328806, 0.8775823118613237, 0.3291485043100075, 0.0, 0.0, 0.0, 1.0]}
#2
data modify storage ps:ani_data data[-1].frames append value {}
data modify storage ps:ani_data data[-1].frames[-1].part_5 set value {interpolation_duration:1,start_interpolation:0,transformation:[0.997308077548326, 0.05164840710405138, 0.05204844378534732, 0.3117877570343002, -0.07281311047219552, 0.7813225604946511, 0.6198655559114784, 1.3223998296142787, -0.008651554786634333, -0.6219867349917492, 0.7829799819242362, 0.536176147902615, 0.0, 0.0, 0.0, 1.0]}
data modify storage ps:ani_data data[-1].frames[-1].part_6 set value {interpolation_duration:1,start_interpolation:0,transformation:[0.925220576365331, 0.3051622130829615, 0.22548372175506223, -0.044561010431993564, -0.32694779380146244, 0.9427589250525076, 0.06565629720138809, 1.2226604526386897, -0.19254097018183294, -0.13446796250464216, 0.9720320683296868, 0.6264323461684761, 0.0, 0.0, 0.0, 1.0]}
data modify storage ps:ani_data data[-1].frames[-1].part_1 set value {interpolation_duration:1,start_interpolation:0,transformation:[0.8673364692327542, -0.0722904202433624, 0.49244445806598103, -0.013400000000000052, -0.06365742318531312, 0.9651587966777667, 0.2538035257220262, 0.9957000000000003, -0.49363466411128953, -0.251480799140935, 0.8325156010857521, 0.30107297632018115, 0.0, 0.0, 0.0, 1.0]}
data modify storage ps:ani_data data[-1].frames[-1].part_2 set value {interpolation_duration:1,start_interpolation:0,transformation:[0.5670085192170664, -0.1173027714643735, 0.8153167476153342, -0.08158517497534089, -0.021057103045302922, 0.9874204672306248, 0.15670807032630404, 1.766911856016284, -0.8234427348313963, -0.10602301967417885, 0.5574057604228354, 0.11810525271636678, 0.0, 0.0, 0.0, 1.0]}
data modify storage ps:ani_data data[-1].frames[-1].part_10 set value {interpolation_duration:1,start_interpolation:0,transformation:[0.5711323472423594, -0.06862524662617031, 0.8179843626004902, -0.07168449823328275, -0.07035945308022272, 0.9887391860834224, 0.13207713377168329, 2.1088117220330234, -0.8178370187853352, -0.13298645580880963, 0.5598724973382123, 0.3438821519283549, 0.0, 0.0, 0.0, 1.0]}
data modify storage ps:ani_data data[-1].frames[-1].part_12 set value {interpolation_duration:1,start_interpolation:0,transformation:[0.5687998983044635, -0.10074361454467498, 0.816282671516005, -0.05090931221526293, -0.0378312341399452, 0.9882148717451045, 0.1483245259060525, 2.230923211496521, -0.821605424405341, -0.11524795612192233, 0.55828526328163, 0.27916410354212107, 0.0, 0.0, 0.0, 1.0]}
data modify storage ps:ani_data data[-1].frames[-1].part_11 set value {interpolation_duration:1,start_interpolation:0,transformation:[0.5554612952400575, -0.18489892129282964, 0.8107250695488487, 0.05540478513793734, 0.047465761827122685, 0.9804259200931214, 0.19108117820373444, 2.2269750046755257, -0.8301865759842232, -0.06765651568255944, 0.5533650196220278, 0.124768590761235, 0.0, 0.0, 0.0, 1.0]}
data modify storage ps:ani_data data[-1].frames[-1].part_14 set value {interpolation_duration:1,start_interpolation:0,transformation:[0.5703475141944063, -0.0819416750195317, 0.8173061084729851, -0.23921923484420377, -0.056873939731864026, 0.988684191062676, 0.1388125546271597, 2.20285651725067, -0.8194321619460865, -0.12565481382635263, 0.5592332248093161, 0.22611569438980184, 0.0, 0.0, 0.0, 1.0]}
data modify storage ps:ani_data data[-1].frames[-1].part_13 set value {interpolation_duration:1,start_interpolation:0,transformation:[0.5662378771259529, -0.12347271903366701, 0.8149411967512302, -0.026591040137804042, -0.014806154706832358, 0.9870328374191905, 0.15983415041541943, 2.194960103608681, -0.8241088789053856, -0.10257029545952713, 0.5570672223337627, -0.08267533117197189, 0.0, 0.0, 0.0, 1.0]}
data modify storage ps:ani_data data[-1].frames[-1].part_15 set value {interpolation_duration:1,start_interpolation:0,transformation:[0.5670085192170664, -0.1034510480511959, 0.8171898309403873, -0.33673432439483814, -0.021057103045302922, 0.9899374265878848, 0.13993030355107355, 2.1597312928480976, -0.8234427348313963, -0.09654932468777422, 0.5591245749881913, -0.06763125849679419, 0.0, 0.0, 0.0, 1.0]}
data modify storage ps:ani_data data[-1].frames[-1].part_16 set value {interpolation_duration:1,start_interpolation:0,transformation:[0.5670085192170664, -0.0789927281140765, 0.8199155371380429, -0.2629582040255766, -0.021057103045302922, 0.99367578983048, 0.11029516361160538, 2.1064447299025324, -0.8234427348313963, -0.07980334335018108, 0.5617592801579016, -0.015467643962232458, 0.0, 0.0, 0.0, 1.0]}
data modify storage ps:ani_data data[-1].frames[-1].part_7 set value {interpolation_duration:1,start_interpolation:0,transformation:[0.5670085192170664, -0.1173027714643735, 0.8153167476153342, 0.06437967568724572, -0.021057103045302922, 0.9874204672306248, 0.15670807032630404, 1.917096815692062, -0.8234427348313963, -0.10602301967417885, 0.5574057604228354, 0.1763343198938847, 0.0, 0.0, 0.0, 1.0]}
data modify storage ps:ani_data data[-1].frames[-1].part_8 set value {interpolation_duration:1,start_interpolation:0,transformation:[0.5670085192170664, -0.1173027714643735, 0.8153167476153342, 0.053115070263791864, -0.021057103045302922, 0.9874204672306248, 0.15670807032630404, 1.9043003755569436, -0.8234427348313963, -0.10602301967417885, 0.5574057604228354, 0.20734422377007833, 0.0, 0.0, 0.0, 1.0]}
data modify storage ps:ani_data data[-1].frames[-1].part_9 set value {interpolation_duration:1,start_interpolation:0,transformation:[0.5670085192170664, -0.1173027714643735, 0.8153167476153342, 0.05371168416220807, -0.021057103045302922, 0.9874204672306248, 0.15670807032630404, 1.9478079734582037, -0.8234427348313963, -0.10602301967417885, 0.5574057604228354, 0.20664246421263557, 0.0, 0.0, 0.0, 1.0]}
data modify storage ps:ani_data data[-1].frames[-1].part_3 set value {interpolation_duration:1,start_interpolation:0,transformation:[0.5861806713010514, -0.032402682382395936, 0.7234420257167185, 0.17956775640734812, 0.19921532388811736, 0.9552186040186551, -0.18063130209169248, 1.6006264421457845, -0.5824134917060226, 0.29412154751238007, 0.6663362275394837, 0.015963164879114304, 0.0, 0.0, 0.0, 1.0]}
data modify storage ps:ani_data data[-1].frames[-1].part_4 set value {interpolation_duration:1,start_interpolation:0,transformation:[0.7305739432117544, 0.25901159522095635, 0.44065278932325647, -0.2820761625443166, -0.16430789145298105, 0.9627873024286362, -0.18887669302952173, 1.5990595150559566, -0.4021997393165534, 0.07715959968328806, 0.8775823118613237, 0.3291485043100075, 0.0, 0.0, 0.0, 1.0]}
#3
data modify storage ps:ani_data data[-1].frames append value {}
data modify storage ps:ani_data data[-1].frames[-1].part_5 set value {interpolation_duration:1,start_interpolation:0,transformation:[0.9973050011790016, 0.051662479939757124, 0.0520934044752876, 0.3117121892973418, -0.07280391497239569, 0.7846853200041835, 0.6156042060728828, 1.321497974301812, -0.009073289813728, -0.6177377572533562, 0.7863318247887147, 0.5340269510106982, 0.0, 0.0, 0.0, 1.0]}
data modify storage ps:ani_data data[-1].frames[-1].part_6 set value {interpolation_duration:1,start_interpolation:0,transformation:[0.9248095311669223, 0.30634344349476555, 0.22556822846000932, -0.044847050126961226, -0.32700588107302, 0.9431259087523112, 0.05983873313987522, 1.221642902159809, -0.1944080368875615, -0.12910156803035616, 0.972387937155551, 0.6247474865355075, 0.0, 0.0, 0.0, 1.0]}
data modify storage ps:ani_data data[-1].frames[-1].part_1 set value {interpolation_duration:1,start_interpolation:0,transformation:[0.8673212872133953, -0.07288160181004791, 0.4923840542341932, -0.013229135437110288, -0.0633524480554694, 0.9650131805951364, 0.2544327585100586, 0.9962146974743816, -0.49370056924402905, -0.2518686828394121, 0.8323592460787959, 0.30126171104720834, 0.0, 0.0, 0.0, 1.0]}
data modify storage ps:ani_data data[-1].frames[-1].part_2 set value {interpolation_duration:1,start_interpolation:0,transformation:[0.5671220795410814, -0.11558463455207973, 0.8154831323531232, -0.08186489722707449, -0.021945506958774036, 0.9876319829338849, 0.15524645248895352, 1.767193628405736, -0.8233413275314934, -0.10593988173272936, 0.5575713405808567, 0.1179922222746374, 0.0, 0.0, 0.0, 1.0]}
data modify storage ps:ani_data data[-1].frames[-1].part_10 set value {interpolation_duration:1,start_interpolation:0,transformation:[0.5713552659167765, -0.062494628762783076, 0.8183199750005933, -0.07141739812234203, -0.07571660594538596, 0.9888301303987426, 0.12838212024934306, 2.109052115469017, -0.8172026405324941, -0.135312211538381, 0.5602414209207593, 0.3438071345042256, 0.0, 0.0, 0.0, 1.0]}
data modify storage ps:ani_data data[-1].frames[-1].part_12 set value {interpolation_duration:1,start_interpolation:0,transformation:[0.5691205783405826, -0.09646465303843921, 0.8165759842313846, -0.05042034747003446, -0.041313641987847094, 0.9884854529829765, 0.14556679644321335, 2.2311345191508303, -0.8212155321807917, -0.11658078724735678, 0.5585821065428125, 0.2791058163169169, 0.0, 0.0, 0.0, 1.0]}
data modify storage ps:ani_data data[-1].frames[-1].part_11 set value {interpolation_duration:1,start_interpolation:0,transformation:[0.5549391674323476, -0.18658640246664931, 0.8106960187789543, 0.05591504244391865, 0.050033882268021856, 0.9802439153274001, 0.19135954924904777, 2.2270197365960587, -0.830384929460237, -0.06563063978175572, 0.5533113843462422, 0.12472931740476266, 0.0, 0.0, 0.0, 1.0]}
data modify storage ps:ani_data data[-1].frames[-1].part_14 set value {interpolation_duration:1,start_interpolation:0,transformation:[0.5705570068657357, -0.07778539053264785, 0.8175659820076276, -0.2387685647575617, -0.06023186337764667, 0.9888601017791054, 0.13611694142711944, 2.203397403494074, -0.819046289626215, -0.1269059972148709, 0.5595159008646937, 0.2260200229287248, 0.0, 0.0, 0.0, 1.0]}
data modify storage ps:ani_data data[-1].frames[-1].part_13 set value {interpolation_duration:1,start_interpolation:0,transformation:[0.5661240259846574, -0.12360259673191754, 0.8150006044685181, -0.02609778492965624, -0.01382206877809504, 0.9871319742472663, 0.15930918314205225, 2.195167838384534, -0.8242041844213219, -0.10145375054585862, 0.5571306838458658, -0.08273297489558523, 0.0, 0.0, 0.0, 1.0]}
data modify storage ps:ani_data data[-1].frames[-1].part_15 set value {interpolation_duration:1,start_interpolation:0,transformation:[0.5671220795410814, -0.09959062988256918, 0.8175905169072061, -0.33630395793189044, -0.021945506958774036, 0.9904831517987517, 0.13587317883649264, 2.1604710078170637, -0.8233413275314934, -0.09499911811382371, 0.5595392979373961, -0.06774931112864466, 0.0, 0.0, 0.0, 1.0]}
data modify storage ps:ani_data data[-1].frames[-1].part_16 set value {interpolation_duration:1,start_interpolation:0,transformation:[0.5671220795410814, -0.07290916156042998, 0.8204003906980752, -0.26274752632579584, -0.021945506958774036, 0.9943830102987106, 0.10354140984937724, 2.1068160653594585, -0.8233413275314934, -0.0767247221554398, 0.5623365321485426, -0.015653102745973157, 0.0, 0.0, 0.0, 1.0]}
data modify storage ps:ani_data data[-1].frames[-1].part_7 set value {interpolation_duration:1,start_interpolation:0,transformation:[0.5671220795410814, -0.11558463455207973, 0.8154831323531232, 0.06462602050739517, -0.021945506958774036, 0.9876319829338849, 0.15524645248895352, 1.9171103438510093, -0.8233413275314934, -0.10593988173272936, 0.5575713405808567, 0.17585941693590457, 0.0, 0.0, 0.0, 1.0]}
data modify storage ps:ani_data data[-1].frames[-1].part_8 set value {interpolation_duration:1,start_interpolation:0,transformation:[0.5671220795410814, -0.11558463455207973, 0.8154831323531232, 0.05305515866882073, -0.021945506958774036, 0.9876319829338849, 0.15524645248895352, 1.9043408063678577, -0.8233413275314934, -0.10593988173272936, 0.5575713405808567, 0.2072703574358102, 0.0, 0.0, 0.0, 1.0]}
data modify storage ps:ani_data data[-1].frames[-1].part_9 set value {interpolation_duration:1,start_interpolation:0,transformation:[0.5671220795410814, -0.11558463455207973, 0.8154831323531232, 0.05372674208319593, -0.021945506958774036, 0.9876319829338849, 0.15524645248895352, 1.9478473874415796, -0.8233413275314934, -0.10593988173272936, 0.5575713405808567, 0.2065733145740358, 0.0, 0.0, 0.0, 1.0]}
data modify storage ps:ani_data data[-1].frames[-1].part_3 set value {interpolation_duration:1,start_interpolation:0,transformation:[0.5861140449405986, -0.03265762320787616, 0.7235052749373354, 0.17953461573357657, 0.19909807975967214, 0.9553497039692057, -0.18011615262188183, 1.6008149139521894, -0.5825206270677298, 0.2936671973039606, 0.6664069992898797, 0.01590025662709458, 0.0, 0.0, 0.0, 1.0]}
data modify storage ps:ani_data data[-1].frames[-1].part_4 set value {interpolation_duration:1,start_interpolation:0,transformation:[0.730610094765072, 0.25875014002163366, 0.4407234272565127, -0.2821007189785682, -0.16429985175957754, 0.9628947036278963, -0.1883381034988427, 1.5992717738116866, -0.4021373498435002, 0.0766952069175828, 0.8776625886055147, 0.3290951684198557, 0.0, 0.0, 0.0, 1.0]}
#4
data modify storage ps:ani_data data[-1].frames append value {}
data modify storage ps:ani_data data[-1].frames[-1].part_5 set value {interpolation_duration:1,start_interpolation:0,transformation:[0.9973012725306405, 0.05167979190725465, 0.05214758783671394, 0.31161344400202096, -0.07278458123084054, 0.7890449192189893, 0.610008623045404, 1.3203195088250008, -0.009621670531467674, -0.612157916360739, 0.7906769940330011, 0.5312185688844498, 0.0, 0.0, 0.0, 1.0]}
data modify storage ps:ani_data data[-1].frames[-1].part_6 set value {interpolation_duration:1,start_interpolation:0,transformation:[0.9244635996232375, 0.3073379526329531, 0.22563341029872103, -0.0450877784545821, -0.32704612190364507, 0.9434099347887417, 0.0549411420493627, 1.2207865412093528, -0.1959793027833104, -0.12458361775645614, 0.9726618297575375, 0.6233295244524257, 0.0, 0.0, 0.0, 1.0]}
data modify storage ps:ani_data data[-1].frames[-1].part_1 set value {interpolation_duration:1,start_interpolation:0,transformation:[0.8672872267526197, -0.07416976793501032, 0.49225167530056885, -0.0128568002858863, -0.06268810530998677, 0.9646941169520665, 0.25580356168497037, 0.9973362873389929, -0.4938451860293811, -0.2527134864674601, 0.832017323132798, 0.30167298751050986, 0.0, 0.0, 0.0, 1.0]}
data modify storage ps:ani_data data[-1].frames[-1].part_2 set value {interpolation_duration:1,start_interpolation:0,transformation:[0.5672104691678818, -0.11374228082362238, 0.8156806833678185, -0.08248782351309726, -0.023155096249093315, 0.9878231362355551, 0.15384827927359818, 1.7678883067046796, -0.8232473049965281, -0.10615151939935698, 0.5576699110989952, 0.11774160570175322, 0.0, 0.0, 0.0, 1.0]}
data modify storage ps:ani_data data[-1].frames[-1].part_10 set value {interpolation_duration:1,start_interpolation:0,transformation:[0.5714983411595448, -0.05635228192478513, 0.8186660285939302, -0.0714441211079916, -0.08128020414428364, 0.9888461682996691, 0.12480698639629775, 2.1097711696887886, -0.8165679239758024, -0.13786832762071063, 0.5605436198663902, 0.34349123390736536, 0.0, 0.0, 0.0, 1.0]}
data modify storage ps:ani_data data[-1].frames[-1].part_12 set value {interpolation_duration:1,start_interpolation:0,transformation:[0.5694008666903024, -0.09198880419905323, 0.8168970026351916, -0.05021125188795177, -0.045190559892474017, 0.9887141815161806, 0.1428358518208709, 2.231801868202665, -0.8208169505492298, -0.11824689074481969, 0.5588176862987121, 0.2787693374201636, 0.0, 0.0, 0.0, 1.0]}
data modify storage ps:ani_data data[-1].frames[-1].part_11 set value {interpolation_duration:1,start_interpolation:0,transformation:[0.5544674276259317, -0.18783739525562693, 0.810729908567251, 0.05614071108102631, 0.05196393811007918, 0.9801079105830272, 0.19154172586845009, 2.227460287655959, -0.8305814956029143, -0.06407492923253211, 0.5531986827586196, 0.12441046773331518, 0.0, 0.0, 0.0, 1.0]}
data modify storage ps:ani_data data[-1].frames[-1].part_14 set value {interpolation_duration:1,start_interpolation:0,transformation:[0.5707113270589599, -0.07363779748989785, 0.8178423172882641, -0.23860203434240945, -0.06377584465536604, 0.9889876178685063, 0.1335519874104159, 2.204402509354433, -0.8186703993702809, -0.12837821654632092, 0.5597301231051358, 0.2256591856513851, 0.0, 0.0, 0.0, 1.0]}
data modify storage ps:ani_data data[-1].frames[-1].part_13 set value {interpolation_duration:1,start_interpolation:0,transformation:[0.5659625569826344, -0.12380060578576013, 0.8150826915723071, -0.025898108404453918, -0.01296426996978245, 0.9872022749897702, 0.15894526088931493, 2.195719348261023, -0.8243290070098398, -0.10052401833442892, 0.5571145393364552, -0.08305855372231306, 0.0, 0.0, 0.0, 1.0]}
data modify storage ps:ani_data data[-1].frames[-1].part_15 set value {interpolation_duration:1,start_interpolation:0,transformation:[0.5672104691678818, -0.09554424075485062, 0.8180119691819493, -0.336170242215387, -0.023155096249093315, 0.9910050949724685, 0.13180570266989186, 2.161598858989327, -0.8232473049965281, -0.0937027203297101, 0.5598961287763699, -0.06811716181021303, 0.0, 0.0, 0.0, 1.0]}
data modify storage ps:ani_data data[-1].frames[-1].part_16 set value {interpolation_duration:1,start_interpolation:0,transformation:[0.5672104691678818, -0.06669388280874688, 0.8208679611619913, -0.26284396258659565, -0.023155096249093315, 0.995030178958438, 0.09684412465211109, 2.1075762440103, -0.8232473049965281, -0.07393827802857966, 0.5628472313675549, -0.016076502751839073, 0.0, 0.0, 0.0, 1.0]}
data modify storage ps:ani_data data[-1].frames[-1].part_7 set value {interpolation_duration:1,start_interpolation:0,transformation:[0.5672104691678818, -0.11374228082362238, 0.8156806833678185, 0.06462925149752291, -0.023155096249093315, 0.9878231362355551, 0.15384827927359818, 1.9175307222881264, -0.8232473049965281, -0.10615151939935698, 0.5576699110989952, 0.17508236398901164, 0.0, 0.0, 0.0, 1.0]}
data modify storage ps:ani_data data[-1].frames[-1].part_8 set value {interpolation_duration:1,start_interpolation:0,transformation:[0.5672104691678818, -0.11374228082362238, 0.8156806833678185, 0.052671400419631906, -0.023155096249093315, 0.9878231362355551, 0.15384827927359818, 1.9048033846571444, -0.8232473049965281, -0.10615151939935698, 0.5576699110989952, 0.20701422714279105, 0.0, 0.0, 0.0, 1.0]}
data modify storage ps:ani_data data[-1].frames[-1].part_9 set value {interpolation_duration:1,start_interpolation:0,transformation:[0.5672104691678818, -0.11374228082362238, 0.8156806833678185, 0.05342350575001232, -0.023155096249093315, 0.9878231362355551, 0.15384827927359818, 1.9483085126475579, -0.8232473049965281, -0.10615151939935698, 0.5576699110989952, 0.20630877277310988, 0.0, 0.0, 0.0, 1.0]}
data modify storage ps:ani_data data[-1].frames[-1].part_3 set value {interpolation_duration:1,start_interpolation:0,transformation:[0.5859687943600745, -0.03321325522438959, 0.7236428104374051, 0.17946350225998464, 0.19884247098287908, 0.9556343381821234, -0.17899352476133112, 1.601225206434761, -0.5827540165195118, 0.2926771111047366, 0.666560125566905, 0.015763954100385506, 0.0, 0.0, 0.0, 1.0]}
data modify storage ps:ani_data data[-1].frames[-1].part_4 set value {interpolation_duration:1,start_interpolation:0,transformation:[0.7306887941085247, 0.2581802627391682, 0.4408770261186694, -0.2821533129984481, -0.1642821021502692, 0.9631277177011474, -0.18716442811313946, 1.5997338837099955, -0.40200158840148686, 0.0756832301617264, 0.8778365022541723, 0.3289797695582668, 0.0, 0.0, 0.0, 1.0]}
#5
data modify storage ps:ani_data data[-1].frames append value {}
data modify storage ps:ani_data data[-1].frames[-1].part_5 set value {interpolation_duration:1,start_interpolation:0,transformation:[0.9972972388185731, 0.05169888511448391, 0.052205772887387036, 0.3114950176290086, -0.07275051561349243, 0.7942215030261236, 0.6032574629533365, 1.3189061615694624, -0.010275209137581398, -0.6054249989956184, 0.7958360325270115, 0.5278504437685776, 0.0, 0.0, 0.0, 1.0]}
data modify storage ps:ani_data data[-1].frames[-1].part_6 set value {interpolation_duration:1,start_interpolation:0,transformation:[0.9241952027980087, 0.30810980961562634, 0.2256802435831942, -0.04527455585422063, -0.32707190167339295, 0.9436146697578373, 0.05114025961567108, 1.2201221039449102, -0.1971983728657459, -0.12107724904551781, 0.9728582124352304, 0.6222293495237767, 0.0, 0.0, 0.0, 1.0]}
data modify storage ps:ani_data data[-1].frames[-1].part_1 set value {interpolation_duration:1,start_interpolation:0,transformation:[0.867241695230811, -0.07581772615511086, 0.49208080073688887, -0.012380415560629044, -0.0618385885173228, 0.9642823972493025, 0.2575566875958062, 0.9987713070456948, -0.4940322165844798, -0.25379348052266254, 0.8315774397016905, 0.30219919575147397, 0.0, 0.0, 0.0, 1.0]}
data modify storage ps:ani_data data[-1].frames[-1].part_2 set value {interpolation_duration:1,start_interpolation:0,transformation:[0.5673077116929991, -0.11150846909166579, 0.815921455517923, -0.08328143970728032, -0.024657332874933338, 0.9880457694888488, 0.15217612602075026, 1.768759570402745, -0.8231366692045421, -0.1064491367556428, 0.5577764830959, 0.11742303347057029, 0.0, 0.0, 0.0, 1.0]}
data modify storage ps:ani_data data[-1].frames[-1].part_10 set value {interpolation_duration:1,start_interpolation:0,transformation:[0.5715786526175952, -0.04997676558187647, 0.8190239109902888, -0.07151275933125308, -0.08697589435236029, 0.9888302516049992, 0.12103688409902698, 2.110680146910944, -0.8159246519584155, -0.14041743628470224, 0.5608474889965811, 0.3430788942907654, 0.0, 0.0, 0.0, 1.0]}
data modify storage ps:ani_data data[-1].frames[-1].part_12 set value {interpolation_duration:1,start_interpolation:0,transformation:[0.5696635843918547, -0.08707686231485269, 0.8172521157312622, -0.049994585986898925, -0.049405235158008654, 0.9889452799117379, 0.13980828329993988, 2.2326447847923676, -0.8203916889856979, -0.12002022075339874, 0.5590640600624399, 0.27832671037102685, 0.0, 0.0, 0.0, 1.0]}
data modify storage ps:ani_data data[-1].frames[-1].part_11 set value {interpolation_duration:1,start_interpolation:0,transformation:[0.5541125488607087, -0.18835580848120484, 0.8108522507870841, 0.056375609955538655, 0.053255857662775505, 0.980090592159673, 0.19127531148766583, 2.228021534878317, -0.8307364785656706, -0.06280541832909842, 0.55311154626243, 0.1239885848951759, 0.0, 0.0, 0.0, 1.0]}
data modify storage ps:ani_data data[-1].frames[-1].part_14 set value {interpolation_duration:1,start_interpolation:0,transformation:[0.5708327881018301, -0.06925571810104694, 0.8181403140893372, -0.23843659087732097, -0.06745339636376922, 0.9891124614081095, 0.13079211752312736, 2.20565284446816, -0.8182908818671288, -0.12984677199491576, 0.5599462906883276, 0.22518966161582968, 0.0, 0.0, 0.0, 1.0]}
data modify storage ps:ani_data data[-1].frames[-1].part_13 set value {interpolation_duration:1,start_interpolation:0,transformation:[0.565793973824099, -0.1237775923163299, 0.8152032181147882, -0.025696198992446493, -0.012226319074709988, 0.9873003007332092, 0.1583939181092448, 2.1964063446400597, -0.8244560002245227, -0.09958525901200033, 0.5570952161716116, -0.08348658933587373, 0.0, 0.0, 0.0, 1.0]}
data modify storage ps:ani_data data[-1].frames[-1].part_15 set value {interpolation_duration:1,start_interpolation:0,transformation:[0.5673077116929991, -0.09106828100418086, 0.8184549642152563, -0.3360467588143652, -0.024657332874933338, 0.9915424965719988, 0.12741857567585013, 2.1629855630489203, -0.8231366692045421, -0.09246645708964496, 0.560264203857556, -0.06859258463399727, 0.0, 0.0, 0.0, 1.0]}
data modify storage ps:ani_data data[-1].frames[-1].part_16 set value {interpolation_duration:1,start_interpolation:0,transformation:[0.5673077116929991, -0.06012716993260814, 0.8213079104023948, -0.26297696674132376, -0.024657332874933338, 0.9956435493838288, 0.08992184665511563, 2.1085680533385465, -0.8231366692045421, -0.07126461959673017, 0.5633536880189794, -0.01660261894901538, 0.0, 0.0, 0.0, 1.0]}
data modify storage ps:ani_data data[-1].frames[-1].part_7 set value {interpolation_duration:1,start_interpolation:0,transformation:[0.5673077116929991, -0.11150846909166579, 0.815921455517923, 0.06457773437921424, -0.024657332874933338, 0.9880457694888488, 0.15217612602075026, 1.9180698031023429, -0.8231366692045421, -0.1064491367556428, 0.5577764830959, 0.17414302013007987, 0.0, 0.0, 0.0, 1.0]}
data modify storage ps:ani_data data[-1].frames[-1].part_8 set value {interpolation_duration:1,start_interpolation:0,transformation:[0.5673077116929991, -0.11150846909166579, 0.815921455517923, 0.052167995653568666, -0.024657332874933338, 0.9880457694888488, 0.15217612602075026, 1.905396407101976, -0.8231366692045421, -0.1064491367556428, 0.5577764830959, 0.20668209822612787, 0.0, 0.0, 0.0, 1.0]}
data modify storage ps:ani_data data[-1].frames[-1].part_9 set value {interpolation_duration:1,start_interpolation:0,transformation:[0.5673077116929991, -0.11150846909166579, 0.815921455517923, 0.053017740578667205, -0.024657332874933338, 0.9880457694888488, 0.15217612602075026, 1.9488995404419092, -0.8231366692045421, -0.1064491367556428, 0.5577764830959, 0.20596459357230734, 0.0, 0.0, 0.0, 1.0]}
data modify storage ps:ani_data data[-1].frames[-1].part_3 set value {interpolation_duration:1,start_interpolation:0,transformation:[0.58578282620107, -0.0339243265680933, 0.7238181960519843, 0.17937472321105888, 0.19851519261238212, 0.9559964179769556, -0.17755707331791012, 1.6017493395221487, -0.583052483769648, 0.29141034450089714, 0.6667538562159423, 0.01559112523621117, 0.0, 0.0, 0.0, 1.0]}
data modify storage ps:ani_data data[-1].frames[-1].part_4 set value {interpolation_duration:1,start_interpolation:0,transformation:[0.7307893268116432, 0.2574508659915261, 0.44107288917263954, -0.28221877036736903, -0.16425893380174658, 0.9634237962816138, -0.1856627259630878, 1.6003242794803472, -0.40182827486937606, 0.07438844237203035, 0.8780569791447796, 0.32883377469215774, 0.0, 0.0, 0.0, 1.0]}
#6
data modify storage ps:ani_data data[-1].frames append value {}
data modify storage ps:ani_data data[-1].frames[-1].part_5 set value {interpolation_duration:1,start_interpolation:0,transformation:[0.9972932305610848, 0.05171832074957205, 0.052263061294563824, 0.3113601220475391, -0.07269734936423994, 0.8000485098760898, 0.5955144643419351, 1.3172962642551673, -0.011013976232432741, -0.597701930015198, 0.801642747851971, 0.5240139233685094, 0.0, 0.0, 0.0, 1.0]}
data modify storage ps:ani_data data[-1].frames[-1].part_6 set value {interpolation_duration:1,start_interpolation:0,transformation:[0.9240195899725341, 0.30861495627938224, 0.2257091183529475, -0.04539676838284609, -0.3270861964662934, 0.9437412356121139, 0.0486528548651966, 1.2196873481427757, -0.19799600356624172, -0.11878252803335823, 0.9729790817925128, 0.6215094810588514, 0.0, 0.0, 0.0, 1.0]}
