#0
data modify storage ps:ani_data data append value {ani_tag:'nagi',height:2.4,width:0.8}
data modify storage ps:ani_data data[-1].parts.part_5 set value {name:'nagi_part',init_pos:[-0.972474377607239, 0.1404346882538091, 0.18593462085493515, -0.25130215519787835, 0.12369502188349726, -0.36510735739911543, 0.9227113086628319, 2.1029151879889474, 0.19746677304968083, 0.9203122925985995, 0.33768647830977155, 0.18125909579529725, 0.0, 0.0, 0.0, 1.0],item_model:'minecraft:nagi_left_leg'}
data modify storage ps:ani_data data[-1].parts.part_6 set value {name:'nagi_part',init_pos:[-0.9771431819422575, -0.13060408328789608, 0.16773125949651987, 0.014508125418007528, 0.20685544148050714, -0.402247990852181, 0.8918561432121709, 2.071731603151927, -0.04901049187332322, 0.9061672733463242, 0.42007004701885475, 0.029536861750337835, 0.0, 0.0, 0.0, 1.0],item_model:'minecraft:nagi_right_leg'}
data modify storage ps:ani_data data[-1].parts.part_1 set value {name:'nagi_part',init_pos:[-0.9961946980917457, -0.08715574274765756, 0.0, -0.1302361332501977, 0.08715574274765756, -0.9961946980917457, 0.0, 1.9914850641234778, 0.0, 0.0, 1.0, 0.0, 0.0, 0.0, 0.0, 1.0],item_model:'minecraft:nagi_body'}
data modify storage ps:ani_data data[-1].parts.part_2 set value {name:'nagi_part',init_pos:[-0.998778744840616, 0.049406668118826436, 0.0, -0.1956029403109408, -0.049406668118826436, -0.998778744840616, 0.0, 1.2443390405546688, 0.0, 0.0, 1.0, 0.0, 0.0, 0.0, 0.0, 1.0],item_model:'minecraft:nagi_head'}
data modify storage ps:ani_data data[-1].parts.part_10 set value {name:'nagi_part',init_pos:[0.631546981267129, -0.7752132962819965, 0.013883649375365745, 0.0004472268523640111, 0.7753373730090548, 0.6314595473336424, -0.010526067480758674, 1.002103969539804, -0.0006070154812617954, 0.017412218376562108, 0.9998482115718428, 0.1875, 0.0, 0.0, 0.0, 1.0],item_model:'minecraft:nagi_hair_ahoge'}
data modify storage ps:ani_data data[-1].parts.part_12 set value {name:'nagi_part',init_pos:[0.8458271527545052, -0.5334496843752942, 0.002803908541020069, -0.07047984458480361, 0.533457050569267, 0.8458159917515492, -0.004345491374040407, 0.9248240246595429, -5.34896814661101e-05, 0.0051712993765824005, 0.9999866273113914, 0.1875, 0.0, 0.0, 0.0, 1.0],item_model:'minecraft:nagi_hair_front_right'}
data modify storage ps:ani_data data[-1].parts.part_11 set value {name:'nagi_part',init_pos:[0.5859984344112139, 0.810005034687348, 0.022308712395713966, -0.28408757239984617, -0.8103109581069697, 0.5858233068094141, 0.014394595188746761, 0.952355689914269, -0.0014092690911461758, -0.026512204360092606, 0.9996474963608909, 0.1875, 0.0, 0.0, 0.0, 1.0],item_model:'minecraft:nagi_hair_front_left'}
data modify storage ps:ani_data data[-1].parts.part_14 set value {name:'nagi_part',init_pos:[-0.9998871465590174, 0.011961040155038155, -0.009089976043717876, 0.03556349957917739, 0.010348923134271631, 0.9870017676702451, 0.1603758410913947, 1.0215848912321281, 0.010890084298421901, 0.1602636706625082, -0.9870141650096782, 0.0, 0.0, 0.0, 0.0, 1.0],item_model:'minecraft:nagi_hair_right'}
data modify storage ps:ani_data data[-1].parts.part_13 set value {name:'nagi_part',init_pos:[-0.9989090062917381, -0.045916629477852994, 0.008512360815071313, -0.38851213050207206, -0.046696594560292265, 0.9839753272770041, -0.17208132776854235, 0.9962439924786927, -0.00047455845170460653, -0.17229108638436985, -0.9850459666161624, -0.1, 0.0, 0.0, 0.0, 1.0],item_model:'minecraft:nagi_hair_left'}
data modify storage ps:ani_data data[-1].parts.part_15 set value {name:'nagi_part',init_pos:[0.9999806057339642, 0.006227861862012213, 4.3503585820061806e-05, -0.17398752300895431, -0.006228013803315252, 0.9999562097770737, 0.006985010546506479, 0.8073733396868997, 0.0, -0.006985146018286657, 0.9999756035699587, -0.25, 0.0, 0.0, 0.0, 1.0],item_model:'minecraft:nagi_hair_back'}
data modify storage ps:ani_data data[-1].parts.part_16 set value {name:'nagi_part',init_pos:[0.9999806057339642, 0.006228002827399659, -1.1692569759287543e-05, -0.17439137590589726, -0.006228013803315252, 0.9999788434220774, -0.001877379106683245, 0.7425300241024897, 0.0, 0.0018774155177792564, 0.9999982376539339, -0.1675463904036927, 0.0, 0.0, 0.0, 1.0],item_model:'minecraft:nagi_hair_back_bottom'}
data modify storage ps:ani_data data[-1].parts.part_7 set value {name:'nagi_part',init_pos:[-0.998778744840616, 0.049406668118826436, 0.0, -0.1972746788431234, -0.049406668118826436, -0.998778744840616, 0.0, 1.1076327627338873, 0.0, 0.0, 1.0, 0.17500000000000002, 0.0, 0.0, 0.0, 1.0],item_model:'minecraft:nagi_eye'}
data modify storage ps:ani_data data[-1].parts.part_8 set value {name:'nagi_part',init_pos:[-0.998778744840616, 0.049406668118826436, 0.0, -0.1883794381193554, -0.049406668118826436, -0.998778744840616, 0.0, 1.0983125885196239, 0.0, 0.0, 1.0, 0.18109557215310765, 0.0, 0.0, 0.0, 1.0],item_model:'minecraft:nagi_eyelid'}
data modify storage ps:ani_data data[-1].parts.part_9 set value {name:'nagi_part',init_pos:[-0.998778744840616, 0.049406668118826436, 0.0, -0.18747747434770212, -0.049406668118826436, -0.998778744840616, 0.0, 1.0800789719240478, 0.0, 0.0, 1.0, 0.188008828348235, 0.0, 0.0, 0.0, 1.0],item_model:'minecraft:nagi_eyebrow'}
data modify storage ps:ani_data data[-1].parts.part_3 set value {name:'nagi_part',init_pos:[0.726557793617342, 0.45007799918121844, -0.2584403558605385, -0.5174117183929299, -0.3960202082132675, 0.8848341542544869, -6.938893903907228e-18, 1.3308749831548559, 0.19437532564762494, 0.12040894533953105, 0.9660272162121926, -0.04829940771098407, 0.0, 0.0, 0.0, 1.0],item_model:'minecraft:nagi_left_arm'}
data modify storage ps:ani_data data[-1].parts.part_4 set value {name:'nagi_part',init_pos:[0.7557260438191367, -0.44789123540865944, 0.09441063215257829, 0.14275719020496452, 0.3840747991333967, 0.8917511302186273, -0.024679036892769634, 1.2832479233005987, -0.06216667406350054, 0.06460157117211507, 0.9952273999818313, -0.03448559994272625, 0.0, 0.0, 0.0, 1.0],item_model:'minecraft:nagi_right_arm'}
#1
data modify storage ps:ani_data data[-1].frames append value {}
data modify storage ps:ani_data data[-1].frames[-1].part_5 set value {interpolation_duration:1,start_interpolation:0,transformation:[-0.9724848341105546, 0.14046307997289423, 0.18585846924338786, -0.25130215519787835, 0.12360914759331122, -0.36512476289756474, 0.9227159292817332, 2.102915188045247, 0.19746905088195982, 0.9203010543748852, 0.33771577289231325, 0.18125909579529725, 0.0, 0.0, 0.0, 1.0]}
data modify storage ps:ani_data data[-1].frames[-1].part_6 set value {interpolation_duration:1,start_interpolation:0,transformation:[-0.9771523074332084, -0.1305866255820517, 0.1676916852352845, 0.014508125418007528, 0.20681307031510582, -0.4022689843709383, 0.8918565008789323, 2.0717316032082262, -0.04900736704614693, 0.9061604700229794, 0.4200850872655888, 0.029536861750337835, 0.0, 0.0, 0.0, 1.0]}
data modify storage ps:ani_data data[-1].frames[-1].part_1 set value {interpolation_duration:1,start_interpolation:0,transformation:[-0.9962001467112334, -0.08709344230490192, 0.0, -0.1302361332501977, 0.08709344230490192, -0.9962001467112334, 0.0, 1.9914850641797772, 0.0, 0.0, 1.0, 0.0, 0.0, 0.0, 0.0, 1.0]}
data modify storage ps:ani_data data[-1].frames[-1].part_2 set value {interpolation_duration:1,start_interpolation:0,transformation:[-0.9987787284014582, 0.049407000442918875, 0.0, -0.19555621497887413, -0.049407000442918875, -0.9987787284014582, 0.0, 1.2443349541463529, 0.0, 0.0, 1.0, 0.0, 0.0, 0.0, 0.0, 1.0]}
data modify storage ps:ani_data data[-1].frames[-1].part_10 set value {interpolation_duration:1,start_interpolation:0,transformation:[0.6360955142363012, -0.7714396657700004, 0.016227718420212745, 0.0004940327834026092, 0.7716098814301006, 0.6359770601519584, -0.012303245096253457, 1.0020999483633601, -0.0008292453689205193, 0.020347506902378003, 0.9997926241551174, 0.1875, 0.0, 0.0, 0.0, 1.0]}
data modify storage ps:ani_data data[-1].frames[-1].part_12 set value {interpolation_duration:1,start_interpolation:0,transformation:[0.8474826186081855, -0.5308106138782913, 0.003647375928561544, -0.07043301294037072, 0.5308231371792909, 0.8474637715664542, -0.005652691172936463, 0.9248199798835077, -9.051048916866167e-05, 0.006726669050294837, 0.9999773716096475, 0.1875, 0.0, 0.0, 0.0, 1.0]}
data modify storage ps:ani_data data[-1].frames[-1].part_11 set value {interpolation_duration:1,start_interpolation:0,transformation:[0.5901525434313376, 0.8069208645538185, 0.024468220802521905, -0.2840407499160246, -0.8072899738055281, 0.5899437571728091, 0.015788019695313762, 0.9523515740644379, -0.0016951916094383617, -0.029070289309669255, 0.999575932385759, 0.1875, 0.0, 0.0, 0.0, 1.0]}
data modify storage ps:ani_data data[-1].frames[-1].part_14 set value {interpolation_duration:1,start_interpolation:0,transformation:[-0.9999216911002903, 0.008531434883770256, -0.009155669607395722, 0.035610299028318304, 0.0069707318304680355, 0.9873035550089209, 0.15869183710731574, 1.0215808817399363, 0.010393294226735864, 0.15861558840659742, -0.9872857106985522, 0.0, 0.0, 0.0, 0.0, 1.0]}
data modify storage ps:ani_data data[-1].frames[-1].part_13 set value {interpolation_duration:1,start_interpolation:0,transformation:[-0.9989958135335909, -0.0439966015207445, 0.008465435427892874, -0.38846532262121913, -0.04479643042558784, 0.9842292774436595, -0.17113155537146768, 0.9962398418836296, -0.0008027225451372693, -0.17133892866875605, -0.985211818422393, -0.1, 0.0, 0.0, 0.0, 1.0]}
data modify storage ps:ani_data data[-1].frames[-1].part_15 set value {interpolation_duration:1,start_interpolation:0,transformation:[0.9999806078061586, 0.0062276643480793925, 1.4435838449106185e-05, -0.1739406522850971, -0.00622768107932406, 0.9999779212652141, 0.0023179668840870487, 0.8073692604707142, 0.0, -0.0023180118354218875, 0.9999973134069565, -0.25, 0.0, 0.0, 0.0, 1.0]}
data modify storage ps:ani_data data[-1].frames[-1].part_16 set value {interpolation_duration:1,start_interpolation:0,transformation:[0.9999806078061586, 0.006227244536698012, -7.373673396368066e-05, -0.1743468757769076, -0.00622768107932406, 0.9999105120265309, -0.011839929358528633, 0.7421418332676037, 0.0, 0.011840158965186398, 0.9999299028610351, -0.16784992920551112, 0.0, 0.0, 0.0, 1.0]}
data modify storage ps:ani_data data[-1].frames[-1].part_7 set value {interpolation_duration:1,start_interpolation:0,transformation:[-0.9987787284014582, 0.049407000442918875, 0.0, -0.19739937387468762, -0.049407000442918875, -0.9987787284014582, 0.0, 1.1076201937972232, 0.0, 0.0, 1.0, 0.17500000000000002, 0.0, 0.0, 0.0, 1.0]}
data modify storage ps:ani_data data[-1].frames[-1].part_8 set value {interpolation_duration:1,start_interpolation:0,transformation:[-0.9987787284014582, 0.049407000442918875, 0.0, -0.18833266419984282, -0.049407000442918875, -0.9987787284014582, 0.0, 1.0983085045147951, 0.0, 0.0, 1.0, 0.18109557215310765, 0.0, 0.0, 0.0, 1.0]}
data modify storage ps:ani_data data[-1].frames[-1].part_9 set value {interpolation_duration:1,start_interpolation:0,transformation:[-0.9987753704458676, 0.04947483593423993, 0.0, -0.18743036093863993, -0.04947483593423993, -0.9987753704458676, 0.0, 1.0800681479706271, 0.0, 0.0, 1.0, 0.188008828348235, 0.0, 0.0, 0.0, 1.0]}
data modify storage ps:ani_data data[-1].frames[-1].part_3 set value {interpolation_duration:1,start_interpolation:0,transformation:[0.7266238651630608, 0.4499323120498099, -0.25843692879674074, -0.5173704042379075, -0.3958827474354021, 0.8849192865827611, 4.420711777478742e-05, 1.3308507712197455, 0.19440835593793693, 0.12032776407533632, 0.9660281320333477, -0.04829940771098407, 0.0, 0.0, 0.0, 1.0]}
data modify storage ps:ani_data data[-1].frames[-1].part_4 set value {interpolation_duration:1,start_interpolation:0,transformation:[0.7556609107766601, -0.4480266180422834, 0.09448982264399848, 0.14280148158195569, 0.3841962267320931, 0.8916780111419829, -0.024705007742749946, 1.2832649972663706, -0.062208096651566576, 0.0646720493835762, 0.9952192401723031, -0.03448559994272625, 0.0, 0.0, 0.0, 1.0]}
#2
data modify storage ps:ani_data data[-1].frames append value {}
data modify storage ps:ani_data data[-1].frames[-1].part_5 set value {interpolation_duration:1,start_interpolation:0,transformation:[-0.9725164167414648, 0.1405489706573806, 0.18562813907242826, -0.25130215519787835, 0.12334943236965044, -0.3651772601598354, 0.9227299096681764, 2.1029151882122674, 0.1974759142336782, 0.9202671109570888, 0.3378042447753821, 0.18125909579529725, 0.0, 0.0, 0.0, 1.0]}
data modify storage ps:ani_data data[-1].frames[-1].part_6 set value {interpolation_duration:1,start_interpolation:0,transformation:[-0.9771798922240279, -0.13053382620943593, 0.16757200973958084, 0.014508125418007528, 0.2066849323975314, -0.4023324355936503, 0.89185758391635, 2.0717316033752473, -0.0489979280466558, 0.9061399072353045, 0.4201305410973221, 0.029536861750337835, 0.0, 0.0, 0.0, 1.0]}
data modify storage ps:ani_data data[-1].frames[-1].part_1 set value {interpolation_duration:1,start_interpolation:0,transformation:[-0.9962160999004294, -0.08691077205489439, 0.0, -0.1302361332501977, 0.08691077205489439, -0.9962160999004294, 0.0, 1.991485064346798, 0.0, 0.0, 1.0, 0.0, 0.0, 0.0, 0.0, 1.0]}
data modify storage ps:ani_data data[-1].frames[-1].part_2 set value {interpolation_duration:1,start_interpolation:0,transformation:[-0.9987786802003152, 0.049407974835205204, 0.0, -0.1954192122913685, -0.049407974835205204, -0.9987786802003152, 0.0, 1.2443229894214758, 0.0, 0.0, 1.0, 0.0, 0.0, 0.0, 0.0, 1.0]}
data modify storage ps:ani_data data[-1].frames[-1].part_10 set value {interpolation_duration:1,start_interpolation:0,transformation:[0.640559638934376, -0.7676845828885186, 0.018539961260566853, 0.0006312717913532495, 0.7679076621190858, 0.6404063113947418, -0.014056272072668007, 1.0020881749020376, -0.0010823248412073555, 0.023240858871011877, 0.9997293088890992, 0.1875, 0.0, 0.0, 0.0, 1.0]}
data modify storage ps:ani_data data[-1].frames[-1].part_12 set value {interpolation_duration:1,start_interpolation:0,transformation:[0.8492470959738634, -0.5279759998422058, 0.004551216384981849, -0.07029569853930383, 0.5279955966864569, 0.8492178158711745, -0.007053445023836961, 0.9248081372269477, -0.0001409243492190366, 0.008393139913942506, 0.999964767050676, 0.1875, 0.0, 0.0, 0.0, 1.0]}
data modify storage ps:ani_data data[-1].frames[-1].part_11 set value {interpolation_duration:1,start_interpolation:0,transformation:[0.593880296784, 0.8041197330316682, 0.02641302786176524, -0.28390346237423236, -0.804550987512809, 0.5936389869762583, 0.017042935016179483, 0.9523395230156254, -0.0019752427475476855, -0.031372090954865664, 0.9995058230571785, 0.1875, 0.0, 0.0, 0.0, 1.0]}
data modify storage ps:ani_data data[-1].frames[-1].part_14 set value {interpolation_duration:1,start_interpolation:0,transformation:[-0.9999435496610998, 0.00528463591120687, -0.009217923543069662, 0.035747519030969954, 0.003771078411853118, 0.9875758857565107, 0.1570975774474426, 1.0215691425374633, 0.009933602507225166, 0.15705394772347991, -0.9875400655394692, 0.0, 0.0, 0.0, 0.0, 1.0]}
data modify storage ps:ani_data data[-1].frames[-1].part_13 set value {interpolation_duration:1,start_interpolation:0,transformation:[-0.9990972770513326, -0.041640577100371556, 0.008407932406992637, -0.3883280778960585, -0.04246398426494047, 0.9845346377586577, -0.1699657527085261, 0.996227688959878, -0.0012004286565357085, -0.17016935503249983, -0.9854141005581682, -0.1, 0.0, 0.0, 0.0, 1.0]}
data modify storage ps:ani_data data[-1].frames[-1].part_15 set value {interpolation_duration:1,start_interpolation:0,transformation:[0.9999806138813072, 0.006226683098635749, -1.6707877942215646e-05, -0.17380322330096626, -0.006226705514477238, 0.9999770139990107, -0.0026832092833787187, 0.8073573168338379, 0.0, 0.0026832613014007916, 0.9999964000479143, -0.25, 0.0, 0.0, 0.0, 1.0]}
data modify storage ps:ani_data data[-1].frames[-1].part_16 set value {interpolation_duration:1,start_interpolation:0,transformation:[0.9999806138813072, 0.006225189668339487, -0.00013738688882346988, -0.1742119363431521, -0.006226705514477238, 0.9997371758790032, -0.02206371011211542, 0.7417198592929267, 0.0, 0.02206413785011064, 0.9997565572782864, -0.1681771820956024, 0.0, 0.0, 0.0, 1.0]}
data modify storage ps:ani_data data[-1].frames[-1].part_7 set value {interpolation_duration:1,start_interpolation:0,transformation:[-0.9987786802003152, 0.049407974835205204, 0.0, -0.197646991203126, -0.049407974835205204, -0.9987786802003152, 0.0, 1.1075891941427745, 0.0, 0.0, 1.0, 0.17500000000000002, 0.0, 0.0, 0.0, 1.0]}
data modify storage ps:ani_data data[-1].frames[-1].part_8 set value {interpolation_duration:1,start_interpolation:0,transformation:[-0.9987786802003152, 0.049407974835205204, 0.0, -0.18819551905130752, -0.049407974835205204, -0.9987786802003152, 0.0, 1.0982965468371668, 0.0, 0.0, 1.0, 0.18109557215310765, 0.0, 0.0, 0.0, 1.0]}
data modify storage ps:ani_data data[-1].frames[-1].part_9 set value {interpolation_duration:1,start_interpolation:0,transformation:[-0.9987654497174325, 0.049674706347745734, 0.0, -0.1872922203624212, -0.049674706347745734, -0.9987654497174325, 0.0, 1.0800364283983581, 0.0, 0.0, 1.0, 0.188008828348235, 0.0, 0.0, 0.0, 1.0]}
data modify storage ps:ani_data data[-1].frames[-1].part_3 set value {interpolation_duration:1,start_interpolation:0,transformation:[0.7268174623651715, 0.44950506790243216, -0.25842691273473084, -0.5172492601604447, -0.39547962513282187, 0.8851687183212797, 0.00017382726014827238, 1.3307797954052378, 0.19450512205557766, 0.12008969162876817, 0.9660307968996017, -0.04829940771098407, 0.0, 0.0, 0.0, 1.0]}
data modify storage ps:ani_data data[-1].frames[-1].part_4 set value {interpolation_duration:1,start_interpolation:0,transformation:[0.7554698153890139, -0.44842345601401773, 0.0947220300137437, 0.1429313401524825, 0.3845521985174865, 0.8914634888640492, -0.024781098710427787, 1.2833150750314797, -0.062329484607665187, 0.06487874936203328, 0.9951952743943169, -0.03448559994272625, 0.0, 0.0, 0.0, 1.0]}
#3
data modify storage ps:ani_data data[-1].frames append value {}
data modify storage ps:ani_data data[-1].frames[-1].part_5 set value {interpolation_duration:1,start_interpolation:0,transformation:[-0.9725693649100143, 0.1406934301943115, 0.18524089488741308, -0.25130215519787835, 0.12291286025466712, -0.3652650211230709, 0.9227534302986792, 2.1029151884871222, 0.19748736471619616, 0.9202102059008695, 0.3379525376932849, 0.18125909579529725, 0.0, 0.0, 0.0, 1.0]}
data modify storage ps:ani_data data[-1].frames[-1].part_6 set value {interpolation_duration:1,start_interpolation:0,transformation:[-0.9772262138297196, -0.13044506925233548, 0.16737087832650238, 0.014508125418007528, 0.20646956389406368, -0.40243895671058744, 0.8918594089356737, 2.0717316036501017, -0.04898210070450865, 0.9061053857192592, 0.4202068345245303, 0.029536861750337835, 0.0, 0.0, 0.0, 1.0]}
data modify storage ps:ani_data data[-1].frames[-1].part_1 set value {interpolation_duration:1,start_interpolation:0,transformation:[-0.9962419406641466, -0.08661406157048099, 0.0, -0.1302361332501977, 0.08661406157048099, -0.9962419406641466, 0.0, 1.9914850646216524, 0.0, 0.0, 1.0, 0.0, 0.0, 0.0, 0.0, 1.0]}
data modify storage ps:ani_data data[-1].frames[-1].part_2 set value {interpolation_duration:1,start_interpolation:0,transformation:[-0.9987786019070278, 0.049409557503007906, 0.0, -0.19519667942805846, -0.049409557503007906, -0.9987786019070278, 0.0, 1.2443036091235429, 0.0, 0.0, 1.0, 0.0, 0.0, 0.0, 0.0, 1.0]}
data modify storage ps:ani_data data[-1].frames[-1].part_10 set value {interpolation_duration:1,start_interpolation:0,transformation:[0.6448309208994459, -0.764043168340362, 0.02076343816409134, 0.0008541885004726879, 0.7643240418301095, 0.6446401704491656, -0.015741973312011878, 1.002069105266627, -0.0013573991519715738, 0.026020906127426954, 0.9996604773180991, 0.1875, 0.0, 0.0, 0.0, 1.0]}
data modify storage ps:ani_data data[-1].frames[-1].part_12 set value {interpolation_duration:1,start_interpolation:0,transformation:[0.851075574462457, -0.5250144679965854, 0.005493172822847163, -0.07007265937190259, 0.5250431643296422, 0.8510330194002935, -0.008513253263963709, 0.9247889552005324, -0.00020529032021515472, 0.010129574753289565, 0.9999486734683946, 0.1875, 0.0, 0.0, 0.0, 1.0]}
data modify storage ps:ani_data data[-1].frames[-1].part_11 set value {interpolation_duration:1,start_interpolation:0,transformation:[0.5970946819365295, 0.8016786113157609, 0.028095283624626228, -0.2836804668328842, -0.8021676550563674, 0.5968236019048245, 0.01812846906719694, 0.9523200025056352, -0.0022347224623158806, -0.03336154025498415, 0.9994408504995839, 0.1875, 0.0, 0.0, 0.0, 1.0]}
data modify storage ps:ani_data data[-1].frames[-1].part_14 set value {interpolation_duration:1,start_interpolation:0,transformation:[-0.9999543377027338, 0.0023006677933376796, -0.009275205506700347, 0.03597040487044218, 0.0008291487545386556, 0.9878146924005741, 0.155632406618615, 1.0215501285473454, 0.009520242740060383, 0.1556176095603058, -0.9877714941082814, 0.0, 0.0, 0.0, 0.0, 1.0]}
data modify storage ps:ani_data data[-1].frames[-1].part_13 set value {interpolation_duration:1,start_interpolation:0,transformation:[-0.9992080435577259, -0.038906414860692434, 0.008341257233154688, -0.38810515189990624, -0.039756088314040816, 0.9848803362661435, -0.16861250451332102, 0.9962080029782558, -0.001655032177376148, -0.16881058651333514, -0.9856471208041525, -0.1, 0.0, 0.0, 0.0, 1.0]}
data modify storage ps:ani_data data[-1].frames[-1].part_15 set value {interpolation_duration:1,start_interpolation:0,transformation:[0.9999806237469092, 0.006224926910132211, -4.914983466039425e-05, -0.17357999802049245, -0.006225120942016715, 0.9999494551757732, -0.007895249390100322, 0.8073379707892181, 0.0, 0.007895402373414963, 0.9999688308249222, -0.25, 0.0, 0.0, 0.0, 1.0]}
data modify storage ps:ani_data data[-1].frames[-1].part_16 set value {interpolation_duration:1,start_interpolation:0,transformation:[0.9999806237469092, 0.006221873496994851, -0.00020104957132132967, -0.17399125637131352, -0.006225120942016715, 0.9994589660749019, -0.03229586663561597, 0.7412749358689772, 0.0, 0.032296492420627064, 0.9994783322200258, -0.16852041548769478, 0.0, 0.0, 0.0, 1.0]}
data modify storage ps:ani_data data[-1].frames[-1].part_7 set value {interpolation_duration:1,start_interpolation:0,transformation:[-0.9987786019070278, 0.049409557503007906, 0.0, -0.19789864470087473, -0.049409557503007906, -0.9987786019070278, 0.0, 1.107546341606447, 0.0, 0.0, 1.0, 0.17500000000000002, 0.0, 0.0, 0.0, 1.0]}
data modify storage ps:ani_data data[-1].frames[-1].part_8 set value {interpolation_duration:1,start_interpolation:0,transformation:[-0.9987786019070278, 0.049409557503007906, 0.0, -0.18797275479404238, -0.049409557503007906, -0.9987786019070278, 0.0, 1.098277177986104, 0.0, 0.0, 1.0, 0.18109557215310765, 0.0, 0.0, 0.0, 1.0]}
data modify storage ps:ani_data data[-1].frames[-1].part_9 set value {interpolation_duration:1,start_interpolation:0,transformation:[-0.9987492506163964, 0.04999934392756583, 0.0, -0.1870678391880869, -0.04999934392756583, -0.9987492506163964, 0.0, 1.0799849610662289, 0.0, 0.0, 1.0, 0.188008828348235, 0.0, 0.0, 0.0, 1.0]}
data modify storage ps:ani_data data[-1].frames[-1].part_3 set value {interpolation_duration:1,start_interpolation:0,transformation:[0.7271315073615187, 0.4488108527393626, -0.2584107466188165, -0.5170524627651607, -0.3948245956440762, 0.8855732856150971, 0.0003843720787494523, 1.3306645594702478, 0.19466203963962211, 0.1197028582292344, 0.9660350605904586, -0.04829940771098407, 0.0, 0.0, 0.0, 1.0]}
data modify storage ps:ani_data data[-1].frames[-1].part_4 set value {interpolation_duration:1,start_interpolation:0,transformation:[0.7551590396659705, -0.449067670742724, 0.0950992480001903, 0.14314224485580532, 0.3851301971733442, 0.8911146254924136, -0.024904509227091413, 1.2833964651680299, -0.06252644269419425, 0.0652146557701561, 0.9951562181134961, -0.03448559994272625, 0.0, 0.0, 0.0, 1.0]}
#4
data modify storage ps:ani_data data[-1].frames append value {}
data modify storage ps:ani_data data[-1].frames[-1].part_5 set value {interpolation_duration:1,start_interpolation:0,transformation:[-0.9726438224055105, 0.14089756765801703, 0.18469399060189332, -0.25130215519787835, 0.12229645215448354, -0.36538789862520415, 0.9227866824617071, 2.1029151888670548, 0.19750334814079445, 0.9201301858793198, 0.338161009737764, 0.18125909579529725, 0.0, 0.0, 0.0, 1.0]}
data modify storage ps:ani_data data[-1].frames[-1].part_6 set value {interpolation_duration:1,start_interpolation:0,transformation:[-0.9772915154422437, -0.13031974411708735, 0.16708697776265943, 0.014508125418007528, 0.2061655358651464, -0.40258906250109994, 0.8918619952525854, 2.071731604030034, -0.0489598372754607, 0.9060567372122689, 0.4203143148718802, 0.029536861750337835, 0.0, 0.0, 0.0, 1.0]}
data modify storage ps:ani_data data[-1].frames[-1].part_1 set value {interpolation_duration:1,start_interpolation:0,transformation:[-0.9962770189001494, -0.08620963757858821, 0.0, -0.1302361332501977, 0.08620963757858821, -0.9962770189001494, 0.0, 1.9914850650015854, 0.0, 0.0, 1.0, 0.0, 0.0, 0.0, 0.0, 1.0]}
data modify storage ps:ani_data data[-1].frames[-1].part_2 set value {interpolation_duration:1,start_interpolation:0,transformation:[-0.9987784951904957, 0.049411714653602556, 0.0, -0.19489336143413888, -0.049411714653602556, -0.9987784951904957, 0.0, 1.2442773008264731, 0.0, 0.0, 1.0, 0.0, 0.0, 0.0, 0.0, 1.0]}
data modify storage ps:ani_data data[-1].frames[-1].part_10 set value {interpolation_duration:1,start_interpolation:0,transformation:[0.6488072082843878, -0.7606098770944866, 0.022843409214246005, 0.0011580296692722315, 0.7609510546124899, 0.6485780987379249, -0.01731884296476195, 1.0020432203985667, -0.0016428518980217707, 0.02861930648720807, 0.9995890337202746, 0.1875, 0.0, 0.0, 0.0, 1.0]}
data modify storage ps:ani_data data[-1].frames[-1].part_12 set value {interpolation_duration:1,start_interpolation:0,transformation:[0.8529221279452305, -0.5219983146692058, 0.0064500499136780146, -0.0697686512941448, 0.5220380863058, 0.8528635958824374, -0.009996162496518546, 0.9247629171456493, -0.00028303278665843345, 0.011893119901330263, 0.9999292342918344, 0.1875, 0.0, 0.0, 0.0, 1.0]}
data modify storage ps:ani_data data[-1].frames[-1].part_11 set value {interpolation_duration:1,start_interpolation:0,transformation:[0.5997215724695228, 0.7996657687448875, 0.029473612135793636, -0.2833765182158723, -0.8002049660378165, 0.5994250001911815, 0.019017925076594618, 0.9522935031029652, -0.002459236283825196, -0.034990390730177415, 0.9993846230123065, 0.1875, 0.0, 0.0, 0.0, 1.0]}
data modify storage ps:ani_data data[-1].frames[-1].part_14 set value {interpolation_duration:1,start_interpolation:0,transformation:[-0.9999564507052298, -0.000346938852365003, -0.009326109930309665, 0.036274203964266574, -0.0017821811592688142, 0.9880173585103238, 0.1543325082819498, 1.0215243195228463, 0.009160814555215495, 0.15434240802746108, -0.9879749493590257, 0.0, 0.0, 0.0, 0.0, 1.0]}
data modify storage ps:ani_data data[-1].frames[-1].part_13 set value {interpolation_duration:1,start_interpolation:0,transformation:[-0.99932258154071, -0.035861316397562765, 0.00826704354925261, -0.38780129807145713, -0.03673887064249054, 0.9852543678477865, -0.16710501494800523, 0.996181278040232, -0.002152534953419144, -0.16729553676979134, -0.9859044426161095, -0.1, 0.0, 0.0, 0.0, 1.0]}
data modify storage ps:ani_data data[-1].frames[-1].part_15 set value {interpolation_duration:1,start_interpolation:0,transformation:[0.9999806371895226, 0.00622241985484881, -8.208036725553891e-05, -0.17327573627318774, -0.00622296119517915, 0.999893648080722, -0.013189665719357082, 0.8073117091806319, 0.0, 0.013189921113299814, 0.9999130092068134, -0.25, 0.0, 0.0, 0.0, 1.0]}
data modify storage ps:ani_data data[-1].frames[-1].part_16 set value {interpolation_duration:1,start_interpolation:0,transformation:[0.9999806371895226, 0.006217395491920935, -0.0002631336803727794, -0.17368953087429592, -0.00622296119517915, 0.9990862727035523, -0.04228350091095504, 0.7408181901141336, 0.0, 0.04228431965422268, 0.9991056181962844, -0.16887135459787753, 0.0, 0.0, 0.0, 1.0]}
data modify storage ps:ani_data data[-1].frames[-1].part_7 set value {interpolation_duration:1,start_interpolation:0,transformation:[-0.9987784951904957, 0.049411714653602556, 0.0, -0.19808808176913423, -0.049411714653602556, -0.9987784951904957, 0.0, 1.1074956352116505, 0.0, 0.0, 1.0, 0.17500000000000002, 0.0, 0.0, 0.0, 1.0]}
data modify storage ps:ani_data data[-1].frames[-1].part_8 set value {interpolation_duration:1,start_interpolation:0,transformation:[-0.9987784951904957, 0.049411714653602556, 0.0, -0.1876691214139079, -0.049411714653602556, -0.9987784951904957, 0.0, 1.098250885291526, 0.0, 0.0, 1.0, 0.18109557215310765, 0.0, 0.0, 0.0, 1.0]}
data modify storage ps:ani_data data[-1].frames[-1].part_9 set value {interpolation_duration:1,start_interpolation:0,transformation:[-0.9987270015778742, 0.05044181122114083, 0.0, -0.1867620018121382, -0.05044181122114083, -0.9987270015778742, 0.0, 1.079914918665699, 0.0, 0.0, 1.0, 0.188008828348235, 0.0, 0.0, 0.0, 1.0]}
data modify storage ps:ani_data data[-1].frames[-1].part_3 set value {interpolation_duration:1,start_interpolation:0,transformation:[0.7275587329325284, 0.4478641333684844, -0.2583889169718394, -0.5167841758244572, -0.3939312966462604, 0.8861235574117168, 0.0006713567306579835, 1.3305075891448093, 0.19487540546772364, 0.11917532899933693, 0.9660407428603931, -0.04829940771098407, 0.0, 0.0, 0.0, 1.0]}
data modify storage ps:ani_data data[-1].frames[-1].part_4 set value {interpolation_duration:1,start_interpolation:0,transformation:[0.7547346868129706, -0.44994501877772713, 0.09561349441497088, 0.14342966552417985, 0.3859176154432597, 0.8906382875009009, -0.02507235469126791, 1.2835074997685876, -0.06279447915155792, 0.06567283239341269, 0.9951027267151837, -0.03448559994272625, 0.0, 0.0, 0.0, 1.0]}
#5
data modify storage ps:ani_data data[-1].frames append value {}
data modify storage ps:ani_data data[-1].frames[-1].part_5 set value {interpolation_duration:1,start_interpolation:0,transformation:[-0.9727397752248368, 0.14116237529622258, 0.18398509041838854, -0.25130215519787835, 0.12149774247682592, -0.36554531811039703, 0.9228298429182943, 2.1029151893491926, 0.19752374102514633, 0.9200270671063417, 0.3384295606520415, 0.18125909579529725, 0.0, 0.0, 0.0, 1.0]}
data modify storage ps:ani_data data[-1].frames[-1].part_6 set value {interpolation_duration:1,start_interpolation:0,transformation:[-0.9773759542603844, -0.13015734205656823, 0.16671925606351787, 0.014508125418007528, 0.2057716892832339, -0.40278305102602774, 0.8918653629868629, 2.0717316045121725, -0.04893113449663317, 0.9059938631773032, 0.42045316500406865, 0.029536861750337835, 0.0, 0.0, 0.0, 1.0]}
data modify storage ps:ani_data data[-1].frames[-1].part_1 set value {interpolation_duration:1,start_interpolation:0,transformation:[-0.9963206584454212, -0.08570382462225715, 0.0, -0.1302361332501977, 0.08570382462225715, -0.9963206584454212, 0.0, 1.9914850654837233, 0.0, 0.0, 1.0, 0.0, 0.0, 0.0, 0.0, 1.0]}
data modify storage ps:ani_data data[-1].frames[-1].part_2 set value {interpolation_duration:1,start_interpolation:0,transformation:[-0.9987783617188803, 0.04941441249422823, 0.0, -0.19451400171689057, -0.04941441249422823, -0.9987783617188803, 0.0, 1.244244571649658, 0.0, 0.0, 1.0, 0.0, 0.0, 0.0, 0.0, 1.0]}
data modify storage ps:ani_data data[-1].frames[-1].part_10 set value {interpolation_duration:1,start_interpolation:0,transformation:[0.6523948700057833, -0.7574756932344153, 0.024728682722280286, 0.0015380436940328579, 0.7578767892629444, 0.6521282713351668, -0.018748067150987188, 1.0020110207849404, -0.0019250679540770547, 0.03097243749609181, 0.9995183851380238, 0.1875, 0.0, 0.0, 0.0, 1.0]}
data modify storage ps:ani_data data[-1].frames[-1].part_12 set value {interpolation_duration:1,start_interpolation:0,transformation:[0.854741138341801, -0.5190017839988623, 0.007398285758256272, -0.06938842852418706, 0.5190543784387771, 0.8546643148313319, -0.01146565207151803, 0.9247305259493911, -0.000372356948678389, 0.013640277119204515, 0.9999068977611936, 0.1875, 0.0, 0.0, 0.0, 1.0]}
data modify storage ps:ani_data data[-1].frames[-1].part_11 set value {interpolation_duration:1,start_interpolation:0,transformation:[0.6017010344517233, 0.7981383046799042, 0.03051412365470737, -0.28299636980910947, -0.7987170447239995, 0.6013845763178518, 0.01968943458707299, 0.9522605349217972, -0.002635831384364426, -0.03621930382664191, 0.9993403896687187, 0.1875, 0.0, 0.0, 0.0, 1.0]}
data modify storage ps:ani_data data[-1].frames[-1].part_14 set value {interpolation_duration:1,start_interpolation:0,transformation:[-0.9999527444034616, -0.002592962305722729, -0.009369392000892166, 0.03665416536771773, -0.003998180788036015, 0.9881824631270164, 0.15323000397640574, 1.0214922147628605, 0.008861349241027616, 0.15326022352425384, -0.9881461331073073, 0.0, 0.0, 0.0, 0.0, 1.0]}
data modify storage ps:ani_data data[-1].frames[-1].part_13 set value {interpolation_duration:1,start_interpolation:0,transformation:[-0.9994355920640973, -0.03258018549153893, 0.008187113583207537, -0.3874212682113491, -0.03348618429889616, 0.985644431417229, -0.1654803017803263, 0.9961480277929267, -0.002678203985469988, -0.16566105857908917, -0.9861791119740206, -0.1, 0.0, 0.0, 0.0, 1.0]}
data modify storage ps:ani_data data[-1].frames[-1].part_15 set value {interpolation_duration:1,start_interpolation:0,transformation:[0.9999806539949655, 0.00621920289281519, -0.00011467859075800241, -0.17289519625066574, -0.006220260107196424, 0.9998106942328135, -0.018435944833357646, 0.8072790383976477, 0.0, 0.018436301502139325, 0.9998300369497419, -0.25, 0.0, 0.0, 0.0, 1.0]}
data modify storage ps:ani_data data[-1].frames[-1].part_16 set value {interpolation_duration:1,start_interpolation:0,transformation:[0.9999806539949655, 0.006211915367630855, -0.0003220920156885628, -0.17331145341181597, -0.006220260107196424, 0.9986391380479883, -0.05178011513090492, 0.7403607582833632, 0.0, 0.051781116888652945, 0.9986584580995466, -0.16922137086379865, 0.0, 0.0, 0.0, 1.0]}
data modify storage ps:ani_data data[-1].frames[-1].part_7 set value {interpolation_duration:1,start_interpolation:0,transformation:[-0.9987783617188803, 0.04941441249422823, 0.0, -0.19817608229977854, -0.04941441249422823, -0.9987783617188803, 0.0, 1.1074397565471454, 0.0, 0.0, 1.0, 0.17500000000000002, 0.0, 0.0, 0.0, 1.0]}
data modify storage ps:ani_data data[-1].frames[-1].part_8 set value {interpolation_duration:1,start_interpolation:0,transformation:[-0.9987783617188803, 0.04941441249422823, 0.0, -0.18728936725885573, -0.04941441249422823, -0.9987783617188803, 0.0, 1.0982181756289282, 0.0, 0.0, 1.0, 0.18109557215310765, 0.0, 0.0, 0.0, 1.0]}
data modify storage ps:ani_data data[-1].frames[-1].part_9 set value {interpolation_duration:1,start_interpolation:0,transformation:[-0.9986988999328944, 0.05099516911264154, 0.0, -0.18637949096317555, -0.05099516911264154, -0.9986988999328944, 0.0, 1.0798274934352998, 0.0, 0.0, 1.0, 0.188008828348235, 0.0, 0.0, 0.0, 1.0]}
data modify storage ps:ani_data data[-1].frames[-1].part_3 set value {interpolation_duration:1,start_interpolation:0,transformation:[0.7280917222847533, 0.44667928399928, -0.25836194777126675, -0.5164485530486077, -0.3928132751895598, 0.8868098916510723, 0.0010302989732966714, 1.3303114274721617, 0.19514142249987024, 0.11851511851111705, 0.9660476398334933, -0.04829940771098407, 0.0, 0.0, 0.0, 1.0]}
data modify storage ps:ani_data data[-1].frames[-1].part_4 set value {interpolation_duration:1,start_interpolation:0,transformation:[0.7542027201083115, -0.45104112588151096, 0.09625680564897833, 0.14378906478272532, 0.3869017744354992, 0.8900411881653583, -0.02528168430142724, 1.2836465294212405, -0.06312902596972368, 0.06624640467781026, 0.9950354083172809, -0.03448559994272625, 0.0, 0.0, 0.0, 1.0]}
#6
data modify storage ps:ani_data data[-1].frames append value {}
data modify storage ps:ani_data data[-1].frames[-1].part_5 set value {interpolation_duration:1,start_interpolation:0,transformation:[-0.9728571105835062, 0.14148890247848908, 0.18311180426871512, -0.25130215519787835, 0.1205142573371446, -0.3657363714870485, 0.9228831022128231, 2.102915189930601, 0.1975483641177221, 0.9199009713262184, 0.338757799596543, 0.18125909579529725, 0.0, 0.0, 0.0, 1.0]}
data modify storage ps:ani_data data[-1].frames[-1].part_6 set value {interpolation_duration:1,start_interpolation:0,transformation:[-0.977479655953931, -0.12995734957821425, 0.1662666818300967, 0.014508125418007528, 0.2052868770568026, -0.4030211285904515, 0.8918695353121688, 2.0717316050935803, -0.048896015220567926, 0.9059166944042287, 0.4206234925622503, 0.029536861750337835, 0.0, 0.0, 0.0, 1.0]}
data modify storage ps:ani_data data[-1].frames[-1].part_1 set value {interpolation_duration:1,start_interpolation:0,transformation:[-0.9963721679309112, -0.08510289638229769, 0.0, -0.1302361332501977, 0.08510289638229769, -0.9963721679309112, 0.0, 1.9914850660651313, 0.0, 0.0, 1.0, 0.0, 0.0, 0.0, 0.0, 1.0]}
data modify storage ps:ani_data data[-1].frames[-1].part_2 set value {interpolation_duration:1,start_interpolation:0,transformation:[-0.9987782031467799, 0.04941761749508111, 0.0, -0.194063305536921, -0.04941761749508111, -0.9987782031467799, 0.0, 1.2442059401169479, 0.0, 0.0, 1.0, 0.0, 0.0, 0.0, 0.0, 1.0]}
data modify storage ps:ani_data data[-1].frames[-1].part_10 set value {interpolation_duration:1,start_interpolation:0,transformation:[0.6555106854935752, -0.7547252564552164, 0.026372873797738304, 0.001989517181381473, 0.755182724686281, 0.6552093353789541, -0.01999447842966087, 1.0019730183690525, -0.002189415252535056, 0.03302293295389693, 0.9994521961354502, 0.1875, 0.0, 0.0, 0.0, 1.0]}
data modify storage ps:ani_data data[-1].frames[-1].part_12 set value {interpolation_duration:1,start_interpolation:0,transformation:[0.8564884378414068, -0.5160992388991548, 0.00831453256052865, -0.06893670704945133, 0.5161659952759492, 0.8563916325623304, -0.012885534448197915, 0.9246922959364369, -0.00047028159197999754, 0.015327990244648218, 0.9998824088613042, 0.1875, 0.0, 0.0, 0.0, 1.0]}
data modify storage ps:ani_data data[-1].frames[-1].part_11 set value {interpolation_duration:1,start_interpolation:0,transformation:[0.6029883049360469, 0.797140019409641, 0.03119124181481386, -0.28254473667490465, -0.7977452722390034, 0.6026586139534676, 0.02012649119950644, 0.9522216194576398, -0.0027540389741806375, -0.03701870450573192, 0.9993107778794573, 0.1875, 0.0, 0.0, 0.0, 1.0]}
data modify storage ps:ani_data data[-1].frames[-1].part_14 set value {interpolation_duration:1,start_interpolation:0,transformation:[-0.9999461795797433, -0.004382096861689416, -0.00940399760584186, 0.03710557634126833, -0.00576389728920218, 0.9883094654267263, 0.15235215139924452, 1.0214543250317416, 0.008626437962185528, 0.1523981554187371, -0.9882815321521752, 0.0, 0.0, 0.0, 0.0, 1.0]}
data modify storage ps:ani_data data[-1].frames[-1].part_13 set value {interpolation_duration:1,start_interpolation:0,transformation:[-0.9995423821513494, -0.029143792522565964, 0.008103433877546709, -0.3869697759081151, -0.030077833242767554, 0.9860385358049935, -0.16377829482249817, 0.9961087772372682, -0.003217177431602215, -0.1639470806844284, -0.986463889103107, -0.1, 0.0, 0.0, 0.0, 1.0]}
