#0
data modify storage ps:ani_data data append value {ani_tag:'nagi',height:0.6,width:1.4}
data modify storage ps:ani_data data[-1].parts.part_5 set value {name:'nagi_part',init_pos:[0.08618610426291962, 0.9948958667814519, -0.05248018381412824, -0.15847411564660183, -0.996212889759485, 0.08666781246530794, 0.00696911468802844, 0.17062395080446593, 0.011481886127193159, 0.051680794727458956, 0.9985976475774917, -0.20902521915642827, 0.0, 0.0, 0.0, 1.0],item_model:'minecraft:nagi_left_leg'}
data modify storage ps:ani_data data[-1].parts.part_6 set value {name:'nagi_part',init_pos:[0.2940524496890841, 0.9143180242996455, -0.2784882533835883, -0.05848762200538442, -0.9291750299589746, 0.34174058795197654, 0.1408798574920355, 0.4339937242673648, 0.22397973241476, 0.217338263973536, 0.9500511346661199, 0.0670810150243475, 0.0, 0.0, 0.0, 1.0],item_model:'minecraft:nagi_right_leg'}
data modify storage ps:ani_data data[-1].parts.part_1 set value {name:'nagi_part',init_pos:[0.12495732663519371, 0.9382738138806346, -0.32253359004307436, -0.157245982495349, -0.9881199491490809, 0.08837459820332175, -0.12573343424093422, 0.28086117138871, -0.0894686124504197, 0.33441318840364215, 0.9381701267935934, -0.17534735878661686, 0.0, 0.0, 0.0, 1.0],item_model:'minecraft:nagi_body'}
data modify storage ps:ani_data data[-1].parts.part_2 set value {name:'nagi_part',init_pos:[-0.04880118587300466, 0.9773108914489033, -0.20611129448125567, 0.5473664710878186, -0.9927728321251896, -0.024810642666496366, 0.11741607983835059, 0.3132412704710535, 0.1096382599803506, 0.21035173749181615, 0.9714584903549175, 0.06778671894063151, 0.0, 0.0, 0.0, 1.0],item_model:'minecraft:nagi_head'}
data modify storage ps:ani_data data[-1].parts.part_10 set value {name:'nagi_part',init_pos:[0.2601797325898307, 0.9408642693687262, -0.2169814125097751, 0.8232804793015538, -0.9505113011770463, 0.28909427830855805, 0.11381021300380877, 0.5136483656309371, 0.1698080477604126, 0.17663217395057706, 0.9695185929322298, 0.2951129301020553, 0.0, 0.0, 0.0, 1.0],item_model:'minecraft:nagi_hair_ahoge'}
data modify storage ps:ani_data data[-1].parts.part_12 set value {name:'nagi_part',init_pos:[0.28122928880398707, 0.9365303415017953, -0.20933467597446598, 0.9423942666156038, -0.9437867001237731, 0.30941001030508103, 0.11632759858472431, 0.44849873328980067, 0.17371456987910597, 0.16485255524116288, 0.9709000377187018, 0.3282592885373042, 0.0, 0.0, 0.0, 1.0],item_model:'minecraft:nagi_hair_front_right'}
data modify storage ps:ani_data data[-1].parts.part_11 set value {name:'nagi_part',init_pos:[-0.014053720936756263, 0.9819188939562793, -0.1887797092367422, 0.9332440442644157, -0.9931023498542677, 0.008272180949664757, 0.11695851288498804, 0.26235382726632767, 0.11640539352523016, 0.18912127514907773, 0.9750297060316794, 0.34881646228362, 0.0, 0.0, 0.0, 1.0],item_model:'minecraft:nagi_hair_front_left'}
data modify storage ps:ani_data data[-1].parts.part_14 set value {name:'nagi_part',init_pos:[0.05646141327044544, 0.9750410180870122, -0.21472568979828005, 0.984090208447902, -0.9897147771156318, 0.08297426850020795, 0.11653295982601054, 0.48853152032793434, 0.13144112282866105, 0.20593757261534046, 0.969697348359189, 0.13925843034698532, 0.0, 0.0, 0.0, 1.0],item_model:'minecraft:nagi_hair_right'}
data modify storage ps:ani_data data[-1].parts.part_13 set value {name:'nagi_part',init_pos:[0.1419729401589355, 0.9683633567764418, -0.20522205903676527, 0.9657897637455252, -0.9786819425384078, 0.16840179181673062, 0.11756909399227004, 0.11624170828098822, 0.14840936497362978, 0.18415549344392845, 0.9716282286052352, 0.18037277783961678, 0.0, 0.0, 0.0, 1.0],item_model:'minecraft:nagi_hair_left'}
data modify storage ps:ani_data data[-1].parts.part_15 set value {name:'nagi_part',init_pos:[0.14659184096717254, 0.9777002971939929, -0.1503760653449671, 1.0256288913309186, -0.986064107016752, 0.15651855756962185, 0.05638721477055521, 0.2697996353314432, 0.07866644147990284, 0.14001453497085078, 0.9870195139822644, -0.0951125858480399, 0.0, 0.0, 0.0, 1.0],item_model:'minecraft:nagi_hair_back'}
data modify storage ps:ani_data data[-1].parts.part_16 set value {name:'nagi_part',init_pos:[0.14659184096717254, 0.9767947530814244, -0.1561500640872578, 0.9493381383334131, -0.986064107016752, 0.15684898260978422, 0.055461459659220676, 0.26418403237899124, 0.07866644147990284, 0.1458437760306387, 0.9861750270504797, -0.02333792166104395, 0.0, 0.0, 0.0, 1.0],item_model:'minecraft:nagi_hair_back_bottom'}
data modify storage ps:ani_data data[-1].parts.part_7 set value {name:'nagi_part',init_pos:[-0.04880118587300466, 0.9773108914489033, -0.20611129448125567, 0.6334608559847118, -0.9927728321251896, -0.024810642666496366, 0.11741607983835059, 0.3306877541094528, 0.1096382599803506, 0.21035173749181615, 0.9714584903549175, 0.2640859219392191, 0.0, 0.0, 0.0, 1.0],item_model:'minecraft:nagi_eye'}
data modify storage ps:ani_data data[-1].parts.part_8 set value {name:'nagi_part',init_pos:[-0.04880118587300466, 0.9773108914489033, -0.20611129448125567, 0.556225842485223, -0.9927728321251896, -0.024810642666496366, 0.11741607983835059, 0.33333231508625466, 0.1096382599803506, 0.21035173749181615, 0.9714584903549175, 0.2536542354163741, 0.0, 0.0, 0.0, 1.0],item_model:'minecraft:nagi_eyelid'}
data modify storage ps:ani_data data[-1].parts.part_9 set value {name:'nagi_part',init_pos:[-0.04880118587300466, 0.9773108914489033, -0.20611129448125567, 0.6693451738708186, -0.9927728321251896, -0.024810642666496366, 0.11741607983835059, 0.3312361490171221, 0.1096382599803506, 0.21035173749181615, 0.9714584903549175, 0.28502413122042497, 0.0, 0.0, 0.0, 1.0],item_model:'minecraft:nagi_eyebrow'}
data modify storage ps:ani_data data[-1].parts.part_3 set value {name:'nagi_part',init_pos:[-0.42841138011255503, -0.019953073237870933, 0.863465331796513, 0.5222260031959115, -0.726305446213746, -0.1341588997330603, -0.5018669681357874, 0.05084492350657475, 0.10697704515599205, -0.9907589335912036, 0.050568439561946954, -0.06156459295736639, 0.0, 0.0, 0.0, 1.0],item_model:'minecraft:nagi_left_arm'}
data modify storage ps:ani_data data[-1].parts.part_4 set value {name:'nagi_part',init_pos:[0.16747797421438335, -0.31317705285628417, 0.9290307667725495, 0.21872992254436835, -0.5672925019275836, 0.6512927307760125, 0.3610970644028018, 0.4856322647020425, -0.6104345545673091, -0.6911858739894623, -0.08068918434144501, 0.01629956655822806, 0.0, 0.0, 0.0, 1.0],item_model:'minecraft:nagi_right_arm'}
#1
data modify storage ps:ani_data data[-1].frames append value {}
data modify storage ps:ani_data data[-1].frames[-1].part_5 set value {interpolation_duration:1,start_interpolation:0,transformation:[0.0861608532507264, 0.9948979174832341, -0.052482770073910806, -0.15847671422027146, -0.9962150711651923, 0.08664262693769303, 0.006970450535409059, 0.1705978990723891, 0.011482131789768936, 0.05168354655845461, 0.9985975023324976, -0.2090428916740176, 0.0, 0.0, 0.0, 1.0]}
data modify storage ps:ani_data data[-1].frames[-1].part_6 set value {interpolation_duration:1,start_interpolation:0,transformation:[0.2940845520668093, 0.9143000066567175, -0.2785135078648615, -0.05848364025613384, -0.9291633899854568, 0.34177675434052035, 0.14086889260299307, 0.43400445223350514, 0.22398587220268634, 0.21735718994315728, 0.9500453573559613, 0.0670609594823128, 0.0, 0.0, 0.0, 1.0]}
data modify storage ps:ani_data data[-1].frames[-1].part_1 set value {interpolation_duration:1,start_interpolation:0,transformation:[0.12493548593565397, 0.9382756730381341, -0.3225366424747096, -0.1572477785774766, -0.988122715325273, 0.0883538392877489, -0.12572628421028095, 0.2808820085507781, -0.08946856326236445, 0.33441345736670236, 0.9381700356117846, -0.17537100842250272, 0.0, 0.0, 0.0, 1.0]}
data modify storage ps:ani_data data[-1].frames[-1].part_2 set value {interpolation_duration:1,start_interpolation:0,transformation:[-0.0488265128126793, 0.977302743345423, -0.2061439290788452, 0.5473653213806363, -0.9927755308339528, -0.024838863729939188, 0.11738729158630899, 0.31324651827871086, 0.10960254113804516, 0.21038626071613176, 0.9714550449083926, 0.06776327174144896, 0.0, 0.0, 0.0, 1.0]}
data modify storage ps:ani_data data[-1].frames[-1].part_10 set value {interpolation_duration:1,start_interpolation:0,transformation:[0.25831202179682256, 0.9411594339300038, -0.21793076726289204, 0.8232754131261746, -0.9510908395309435, 0.28731393470190814, 0.11347650808177336, 0.5136399025669038, 0.1694140323455026, 0.17795961016664022, 0.9693447595122049, 0.29510632267218023, 0.0, 0.0, 0.0, 1.0]}
data modify storage ps:ani_data data[-1].frames[-1].part_12 set value {interpolation_duration:1,start_interpolation:0,transformation:[0.28025253392287425, 0.9367096505524388, -0.20984172080817542, 0.9423865989935603, -0.9441127887801762, 0.3084848214556073, 0.11613852501741487, 0.4484865739235395, 0.1735210629621857, 0.1655661363124419, 0.9708132133500466, 0.3282547640828246, 0.0, 0.0, 0.0, 1.0]}
data modify storage ps:ani_data data[-1].frames[-1].part_11 set value {interpolation_duration:1,start_interpolation:0,transformation:[-0.01235333628909625, 0.9821002418039735, -0.18795347863528775, 0.9332316278411827, -0.9930938674066498, 0.009881674252851426, 0.11690561591841496, 0.2623411618921734, 0.11667032871228197, 0.18809962137797515, 0.9751956556689693, 0.34880524054620793, 0.0, 0.0, 0.0, 1.0]}
data modify storage ps:ani_data data[-1].frames[-1].part_14 set value {interpolation_duration:1,start_interpolation:0,transformation:[0.05531655945861601, 0.9749759900682113, -0.21531812984552146, 0.9840902427466361, -0.9898164637631763, 0.08187516411701576, 0.11644666403196238, 0.48852492742822856, 0.13116190877317385, 0.20668400105311285, 0.9695763391273813, 0.13925678434137304, 0.0, 0.0, 0.0, 1.0]}
data modify storage ps:ani_data data[-1].frames[-1].part_13 set value {interpolation_duration:1,start_interpolation:0,transformation:[0.1425323111914224, 0.9683363114854191, -0.2049617723509567, 0.9657803004418811, -0.9785881450941089, 0.16893099632870817, 0.11759064912084433, 0.1162341033654963, 0.14849169184739952, 0.18381269362643005, 0.9716805602223876, 0.18035773726814, 0.0, 0.0, 0.0, 1.0]}
data modify storage ps:ani_data data[-1].frames[-1].part_15 set value {interpolation_duration:1,start_interpolation:0,transformation:[0.1465677791790697, 0.9774683946530622, -0.1518993863084407, 1.0256327025518446, -0.9860699505037732, 0.15657838028748494, 0.05611829951124505, 0.2698001640990244, 0.07863802400875503, 0.14155828580804852, 0.9868015570007405, -0.09512020868904152, 0.0, 0.0, 0.0, 1.0]}
data modify storage ps:ani_data data[-1].frames[-1].part_16 set value {interpolation_duration:1,start_interpolation:0,transformation:[0.1465677791790697, 0.9762739125111267, -0.15939615383293448, 0.9492322101118313, -0.9860699505037732, 0.1570044298933196, 0.054915040811782674, 0.26415859691966337, 0.07863802400875503, 0.14912698194522242, 0.9856861591987116, -0.023464407226171533, 0.0, 0.0, 0.0, 1.0]}
data modify storage ps:ani_data data[-1].frames[-1].part_7 set value {interpolation_duration:1,start_interpolation:0,transformation:[-0.0488265128126793, 0.977302743345423, -0.2061439290788452, 0.6334529767100162, -0.9927755308339528, -0.024838863729939188, 0.11738729158630899, 0.33068443634007255, 0.10960254113804516, 0.21038626071613176, 0.9714550449083926, 0.26406618718993413, 0.0, 0.0, 0.0, 1.0]}
data modify storage ps:ani_data data[-1].frames[-1].part_8 set value {interpolation_duration:1,start_interpolation:0,transformation:[-0.0488265128126793, 0.977302743345423, -0.2061439290788452, 0.5562183977383788, -0.9927755308339528, -0.024838863729939188, 0.11738729158630899, 0.3333310158136272, 0.10960254113804516, 0.21038626071613176, 0.9714550449083926, 0.25363179574140304, 0.0, 0.0, 0.0, 1.0]}
data modify storage ps:ani_data data[-1].frames[-1].part_9 set value {interpolation_duration:1,start_interpolation:0,transformation:[-0.0488265128126793, 0.977302743345423, -0.2061439290788452, 0.6693365485266068, -0.9927755308339528, -0.024838863729939188, 0.11738729158630899, 0.33123134311725994, 0.10960254113804516, 0.21038626071613176, 0.9714550449083926, 0.28500571396801966, 0.0, 0.0, 0.0, 1.0]}
data modify storage ps:ani_data data[-1].frames[-1].part_3 set value {interpolation_duration:1,start_interpolation:0,transformation:[-0.42843205324618316, -0.01991740860562742, 0.8634519581501985, 0.5222190840829529, -0.726295772802393, -0.1341579315121143, -0.5018866028195276, 0.05085072598989003, 0.1069599278264278, -0.9907597823119524, 0.05060191574300088, -0.06158804388676895, 0.0, 0.0, 0.0, 1.0]}
data modify storage ps:ani_data data[-1].frames[-1].part_4 set value {interpolation_duration:1,start_interpolation:0,transformation:[0.16748154535230536, -0.31314479824489877, 0.9290407481678347, 0.2187326026381563, -0.5672959835552683, 0.651299753283251, 0.3610768270465555, 0.48564478428409225, -0.6104303391939693, -0.6911938705640684, -0.08066482017423758, 0.016276022434332127, 0.0, 0.0, 0.0, 1.0]}
#2
data modify storage ps:ani_data data[-1].frames append value {}
data modify storage ps:ani_data data[-1].frames[-1].part_5 set value {interpolation_duration:1,start_interpolation:0,transformation:[0.08608681638101842, 0.9949039264543532, -0.05249035312409227, -0.15848433580753826, -0.9962214634181012, 0.08656878206791047, 0.006974367094964877, 0.1705215139766944, 0.011482851147581803, 0.05169161534513805, 0.9985970764189793, -0.2090947080999285, 0.0, 0.0, 0.0, 1.0]}
data modify storage ps:ani_data data[-1].frames[-1].part_6 set value {interpolation_duration:1,start_interpolation:0,transformation:[0.29417867104513956, 0.914247168078163, -0.27858755385547057, -0.05847196830603346, -0.9291292537810982, 0.34188278984683534, 0.1408367415652758, 0.4340359072138429, 0.22400388226612328, 0.2174126805584342, 0.9500284138182925, 0.06700215499507035, 0.0, 0.0, 0.0, 1.0]}
data modify storage ps:ani_data data[-1].frames[-1].part_1 set value {interpolation_duration:1,start_interpolation:0,transformation:[0.12487144989158734, 0.9382811209877808, -0.3225455921259599, -0.15725304885418026, -0.9881308227953219, 0.08829297489544359, -0.12570532059524275, 0.28094310424352864, -0.08946841925401938, 0.3344142469782438, 0.9381697678854083, -0.1754403501945935, 0.0, 0.0, 0.0, 1.0]}
data modify storage ps:ani_data data[-1].frames[-1].part_2 set value {interpolation_duration:1,start_interpolation:0,transformation:[-0.04890076953503217, 0.9772788411982279, -0.20623962103613935, 0.5473619439949406, -0.9927834333559912, -0.024921618914303167, 0.11730288728151814, 0.31326190664428044, 0.10949780451119538, 0.21048748052304433, 0.9714449296539093, 0.06769452426188523, 0.0, 0.0, 0.0, 1.0]}
data modify storage ps:ani_data data[-1].frames[-1].part_10 set value {interpolation_duration:1,start_interpolation:0,transformation:[0.25639392079109646, 0.9414490800558629, -0.21894242860473256, 0.8232605472129294, -0.9516885231605414, 0.285482154574905, 0.113087993632292, 0.5136150858530938, 0.1689707438164259, 0.17936992245423844, 0.9691621735565642, 0.2950869478895954, 0.0, 0.0, 0.0, 1.0]}
data modify storage ps:ani_data data[-1].frames[-1].part_12 set value {interpolation_duration:1,start_interpolation:0,transformation:[0.27918341827541715, 0.9368964241092501, -0.21043219680304032, 0.9423641042667683, -0.9444744916533161, 0.30747049186620184, 0.11588714876018788, 0.44845091890405636, 0.1732759463291529, 0.16639407177798105, 0.9707154368304236, 0.32824149573692574, 0.0, 0.0, 0.0, 1.0]}
data modify storage ps:ani_data data[-1].frames[-1].part_11 set value {interpolation_duration:1,start_interpolation:0,transformation:[-0.010775728065034127, 0.9822575261038544, -0.18722723118447407, 0.9331952099789501, -0.9930907537545379, 0.01136798677944078, 0.1167969335377686, 0.26230402514980805, 0.11685306368218122, 0.18719220413499746, 0.9753483686453621, 0.3487723340827749, 0.0, 0.0, 0.0, 1.0]}
data modify storage ps:ani_data data[-1].frames[-1].part_14 set value {interpolation_duration:1,start_interpolation:0,transformation:[0.05414456564201152, 0.9748993747221786, -0.21596197623133329, 0.9840903313069842, -0.9899258948972273, 0.08074359675818052, 0.11630646669242584, 0.4885055921235211, 0.13082464837851437, 0.20748898946415784, 0.9694499629314451, 0.13925195864486803, 0.0, 0.0, 0.0, 1.0]}
data modify storage ps:ani_data data[-1].frames[-1].part_13 set value {interpolation_duration:1,start_interpolation:0,transformation:[0.14311563638405878, 0.9682999316170353, -0.2047270305866583, 0.9657525427313474, -0.9784967207894962, 0.16947898468493133, 0.11756292423365357, 0.11621180461502442, 0.1485331007775331, 0.18349963536914576, 0.9717334005748703, 0.1803136353365663, 0.0, 0.0, 0.0, 1.0]}
data modify storage ps:ani_data data[-1].frames[-1].part_15 set value {interpolation_duration:1,start_interpolation:0,transformation:[0.14649723015932017, 0.977220553425033, -0.1535530902304457, 1.0256438673568804, -0.9860870759435952, 0.15659131991847675, 0.0557802580058534, 0.26980171072411546, 0.07855469567541758, 0.14324506445201357, 0.9865647527139213, -0.09514255670190234, 0.0, 0.0, 0.0, 1.0]}
data modify storage ps:ani_data data[-1].frames[-1].part_16 set value {interpolation_duration:1,start_interpolation:0,transformation:[0.14649723015932017, 0.9757276605311163, -0.16277006490790089, 0.9491239869399226, -0.9860870759435952, 0.1571108444507164, 0.05429973492562455, 0.2641315781009695, 0.07855469567541758, 0.15255069659119197, 0.9851687392304348, -0.023616520144489606, 0.0, 0.0, 0.0, 1.0]}
data modify storage ps:ani_data data[-1].frames[-1].part_7 set value {interpolation_duration:1,start_interpolation:0,transformation:[-0.04890076953503217, 0.9772788411982279, -0.20623962103613935, 0.633429865463395, -0.9927834333559912, -0.024921618914303167, 0.11730288728151814, 0.3306747095542582, 0.10949780451119538, 0.21048748052304433, 0.9714449296539093, 0.2640083220167, 0.0, 0.0, 0.0, 1.0]}
data modify storage ps:ani_data data[-1].frames[-1].part_8 set value {interpolation_duration:1,start_interpolation:0,transformation:[-0.04890076953503217, 0.9772788411982279, -0.20623962103613935, 0.5561965614085572, -0.9927834333559912, -0.024921618914303167, 0.11730288728151814, 0.3333272081348821, 0.10949780451119538, 0.21048748052304433, 0.9714449296539093, 0.25356599982334366, 0.0, 0.0, 0.0, 1.0]}
data modify storage ps:ani_data data[-1].frames[-1].part_9 set value {interpolation_duration:1,start_interpolation:0,transformation:[-0.04890076953503217, 0.9772788411982279, -0.20623962103613935, 0.669311249239083, -0.9927834333559912, -0.024921618914303167, 0.11730288728151814, 0.33121725273484026, 0.10949780451119538, 0.21048748052304433, 0.9714449296539093, 0.2849517114336135, 0.0, 0.0, 0.0, 1.0]}
data modify storage ps:ani_data data[-1].frames[-1].part_3 set value {interpolation_duration:1,start_interpolation:0,transformation:[-0.4284926518937705, -0.019812838042280262, 0.8634127433165644, 0.5221987913098137, -0.7262674127405757, -0.13415510375253975, -0.5019441580628494, 0.050867741411218796, 0.10690973980023652, -0.9907622618902353, 0.05070006770352317, -0.06165680242033311, 0.0, 0.0, 0.0, 1.0]}
data modify storage ps:ani_data data[-1].frames[-1].part_4 set value {interpolation_duration:1,start_interpolation:0,transformation:[0.1674920120623831, -0.31305022144197403, 0.9290700095179278, 0.2187404550103762, -0.5673061947098652, 0.6513203391863538, 0.3610174843257636, 0.4856814926382701, -0.6104179775687367, -0.69121731359776, -0.08059338326100085, 0.016206990487406047, 0.0, 0.0, 0.0, 1.0]}
#3
data modify storage ps:ani_data data[-1].frames append value {}
data modify storage ps:ani_data data[-1].frames[-1].part_5 set value {interpolation_duration:1,start_interpolation:0,transformation:[0.0859665626422208, 0.99491367452346, -0.052502669967416274, -0.1584967229753998, -0.9962318341984634, 0.08644884017309695, 0.006980727919893168, 0.1703974446045151, 0.011484016590303445, 0.051704722017941865, 0.9985963844737277, -0.2091788703915526, 0.0, 0.0, 0.0, 1.0]}
data modify storage ps:ani_data data[-1].frames[-1].part_6 set value {interpolation_duration:1,start_interpolation:0,transformation:[0.29433152281841574, 0.9141613130431359, -0.27870781906979625, -0.058453018764292715, -0.9290737848765043, 0.34205499917409254, 0.1407845154669318, 0.43408699832824055, 0.22403316033712434, 0.21750280751121664, 0.9500008798912234, 0.06690663939096943, 0.0, 0.0, 0.0, 1.0]}
data modify storage ps:ani_data data[-1].frames[-1].part_1 set value {interpolation_duration:1,start_interpolation:0,transformation:[0.12476744520540599, 0.9382899597090318, -0.32256012792367794, -0.15726162208602046, -0.9881439815664034, 0.08819412117262192, -0.12567127231266645, 0.28104233962673364, -0.08946818602727728, 0.3344155326832357, 0.9381693318315069, -0.17555297858140506, 0.0, 0.0, 0.0, 1.0]}
data modify storage ps:ani_data data[-1].frames[-1].part_2 set value {interpolation_duration:1,start_interpolation:0,transformation:[-0.04902137155751284, 0.9772399814168159, -0.20639506740976626, 0.5473564379544962, -0.9927962365710191, -0.025056065138384962, 0.11716580665963246, 0.31328690616800436, 0.109327662469485, 0.21065187471333524, 0.971428458456265, 0.06758286350416264, 0.0, 0.0, 0.0, 1.0]}
data modify storage ps:ani_data data[-1].frames[-1].part_10 set value {interpolation_duration:1,start_interpolation:0,transformation:[0.25443950118518655, 0.9417309928230944, -0.22000744849450507, 0.8232363641749539, -0.952299437921338, 0.2836121433445343, 0.11264960134072184, 0.5135747689180062, 0.16848240493101257, 0.1808504611659814, 0.968972027421181, 0.2950554735996011, 0.0, 0.0, 0.0, 1.0]}
data modify storage ps:ani_data data[-1].frames[-1].part_12 set value {interpolation_duration:1,start_interpolation:0,transformation:[0.27803074548480233, 0.9370890042697563, -0.21109974571723683, 0.9423275261297112, -0.9448682899676158, 0.3063751855345566, 0.1155775077700653, 0.4483929959900194, 0.17298213543264665, 0.1673273551018573, 0.9706074062440376, 0.32821993684311085, 0.0, 0.0, 0.0, 1.0]}
data modify storage ps:ani_data data[-1].frames[-1].part_11 set value {interpolation_duration:1,start_interpolation:0,transformation:[-0.009328609997158654, 0.9823911555857415, -0.1866027718508828, 0.9331360189626777, -0.993093274798547, 0.012724387626283114, 0.1166354899223804, 0.2622437016329533, 0.11695607972832589, 0.18640200478119276, 0.9754873489841545, 0.34871887355613934, 0.0, 0.0, 0.0, 1.0]}
data modify storage ps:ani_data data[-1].frames[-1].part_14 set value {interpolation_duration:1,start_interpolation:0,transformation:[0.0529548654288529, 0.9748119440357833, -0.21665053886983343, 0.984090436991387, -0.9900418027526076, 0.07958874904518404, 0.11611571740203731, 0.48847417202702703, 0.1304339335824047, 0.20834419788081415, 0.969319185913299, 0.13924412197821837, 0.0, 0.0, 0.0, 1.0]}
data modify storage ps:ani_data data[-1].frames[-1].part_13 set value {interpolation_duration:1,start_interpolation:0,transformation:[0.14372152756372308, 0.9682546650658109, -0.2045165667936078, 0.9657074226573198, -0.978407517757612, 0.17004468228190908, 0.11748844718964199, 0.11617558331289489, 0.1485356917045149, 0.1832149273556574, 0.9717867248959117, 0.1802419954042752, 0.0, 0.0, 0.0, 1.0]}
data modify storage ps:ani_data data[-1].frames[-1].part_15 set value {interpolation_duration:1,start_interpolation:0,transformation:[0.1463826447228445, 0.9769578095311479, -0.15532404746222372, 1.0256619704449716, -0.9861148667620077, 0.1565590962649068, 0.05537796427879825, 0.2698042109288012, 0.0784193271770021, 0.1450609794976487, 0.986310154744586, -0.0951788475484059, 0.0, 0.0, 0.0, 1.0]}
data modify storage ps:ani_data data[-1].frames[-1].part_16 set value {interpolation_duration:1,start_interpolation:0,transformation:[0.1463826447228445, 0.9751583137284429, -0.1662479608604145, 0.9490140623546809, -0.9861148667620077, 0.15716905492078448, 0.05362236218459269, 0.26410319880076594, 0.0784193271770021, 0.15609020258045603, 0.9846249325420815, -0.023792482921116475, 0.0, 0.0, 0.0, 1.0]}
data modify storage ps:ani_data data[-1].frames[-1].part_7 set value {interpolation_duration:1,start_interpolation:0,transformation:[-0.04902137155751284, 0.9772399814168159, -0.20639506740976626, 0.6333922988348889, -0.9927962365710191, -0.025056065138384962, 0.11716580665963246, 0.33065891419114196, 0.109327662469485, 0.21065187471333524, 0.971428458456265, 0.26391432807317594, 0.0, 0.0, 0.0, 1.0]}
data modify storage ps:ani_data data[-1].frames[-1].part_8 set value {interpolation_duration:1,start_interpolation:0,transformation:[-0.04902137155751284, 0.9772399814168159, -0.20639506740976626, 0.5561610683042182, -0.9927962365710191, -0.025056065138384962, 0.11716580665963246, 0.3333210293801211, 0.109327662469485, 0.21065187471333524, 0.971428458456265, 0.2534591250538131, 0.0, 0.0, 0.0, 1.0]}
data modify storage ps:ani_data data[-1].frames[-1].part_9 set value {interpolation_duration:1,start_interpolation:0,transformation:[-0.04902137155751284, 0.9772399814168159, -0.20639506740976626, 0.6692701269927619, -0.9927962365710191, -0.025056065138384962, 0.11716580665963246, 0.33119436874210406, 0.109327662469485, 0.21065187471333524, 0.971428458456265, 0.2848639903646666, 0.0, 0.0, 0.0, 1.0]}
data modify storage ps:ani_data data[-1].frames[-1].part_3 set value {interpolation_duration:1,start_interpolation:0,transformation:[-0.4285910287628228, -0.0196429883636232, 0.8633490399956837, 0.522165812875967, -0.7262213578314236, -0.1341505460535007, -0.5020375960532877, 0.050895385976229196, 0.10682822423642821, -0.9907662610331934, 0.050859485718667, -0.06176848150416145, 0.0, 0.0, 0.0, 1.0]}
data modify storage ps:ani_data data[-1].frames[-1].part_4 set value {interpolation_duration:1,start_interpolation:0,transformation:[0.1675089998276696, -0.3128965895926934, 0.9291175228397551, 0.21875319085472522, -0.5673227892971866, 0.6513537618659334, 0.3609210781400008, 0.4857411174278303, -0.6103978929524525, -0.6912553805391741, -0.08047735151194274, 0.016094866794372963, 0.0, 0.0, 0.0, 1.0]}
#4
data modify storage ps:ani_data data[-1].frames append value {}
data modify storage ps:ani_data data[-1].frames[-1].part_5 set value {interpolation_duration:1,start_interpolation:0,transformation:[0.08580266172128698, 0.9949269369229583, -0.05251945760041894, -0.1585136218690343, -0.996245945665186, 0.086285364262195, 0.006989396241420004, 0.17022834004302298, 0.011485599123321897, 0.05172258790161342, 0.9985954410638667, -0.20929357997805326, 0.0, 0.0, 0.0, 1.0]}
data modify storage ps:ani_data data[-1].frames[-1].part_6 set value {interpolation_duration:1,start_interpolation:0,transformation:[0.29453981333429335, 0.9140442315003354, -0.278871728975816, -0.0584272083015979, -0.9289981362522874, 0.3422896777125019, 0.1407133233608243, 0.4341566346965449, 0.22407311574746308, 0.21762564047564087, 0.9499633252956616, 0.06677644969442433, 0.0, 0.0, 0.0, 1.0]}
data modify storage ps:ani_data data[-1].frames[-1].part_1 set value {interpolation_duration:1,start_interpolation:0,transformation:[0.12462570164097322, 0.9383019864678924, -0.3225799384352694, -0.15727333302649738, -0.9881618970679965, 0.08805939703466124, -0.12562486926110725, 0.2811775958601346, -0.0894678695033782, 0.3344172913954943, 0.9381687351123079, -0.17570648769365232, 0.0, 0.0, 0.0, 1.0]}
data modify storage ps:ani_data data[-1].frames[-1].part_2 set value {interpolation_duration:1,start_interpolation:0,transformation:[-0.04918572958815901, 0.9771869434992354, -0.20660697340482648, 0.547348892881086, -0.9928136222542534, -0.025239373291683024, 0.11697899598745008, 0.31332098967409616, 0.1090957170161564, 0.210875914913167, 0.9714059259847376, 0.06743067792385767, 0.0, 0.0, 0.0, 1.0]}
data modify storage ps:ani_data data[-1].frames[-1].part_10 set value {interpolation_duration:1,start_interpolation:0,transformation:[0.25246276133275086, 0.9420031091400619, -0.22111692949817088, 0.8232033295089722, -0.9529187900792501, 0.2817170795554313, 0.11216624537113164, 0.5135198014407646, 0.16795336749866197, 0.18238867688871302, 0.9687755348318021, 0.29501256551583127, 0.0, 0.0, 0.0, 1.0]}
data modify storage ps:ani_data data[-1].frames[-1].part_12 set value {interpolation_duration:1,start_interpolation:0,transformation:[0.27680353577615385, 0.9372857098695662, -0.21183791128153462, 0.9422775893471167, -0.945290607543744, 0.3052072652435759, 0.11521368205259673, 0.44831402838841344, 0.172642607346503, 0.16835683329417134, 0.9704898282886636, 0.3281905371934869, 0.0, 0.0, 0.0, 1.0]}
data modify storage ps:ani_data data[-1].frames[-1].part_11 set value {interpolation_duration:1,start_interpolation:0,transformation:[-0.008019167850049466, 0.9825015582465627, -0.18608165140622857, 0.9330552650493366, -0.9931016679176823, 0.013944591986938652, 0.1164243339402704, 0.2621614742157409, 0.11698192221924936, 0.1857316246560996, 0.9756121122026394, 0.3486459841340163, 0.0, 0.0, 0.0, 1.0]}
data modify storage ps:ani_data data[-1].frames[-1].part_14 set value {interpolation_duration:1,start_interpolation:0,transformation:[0.051756702887026496, 0.9747145136851498, -0.21737723090927963, 0.9840905049597813, -0.9901629702774738, 0.07841963399247306, 0.11587775151329656, 0.4884313180316573, 0.12999436909941448, 0.20924143427153413, 0.9691849597401089, 0.13923344375783892, 0.0, 0.0, 0.0, 1.0]}
data modify storage ps:ani_data data[-1].frames[-1].part_13 set value {interpolation_duration:1,start_interpolation:0,transformation:[0.14434815953744806, 0.9682009755609542, -0.20432934140981285, 0.965645856364222, -0.9783204575269426, 0.170626591922313, 0.11736970866986923, 0.1161262096863123, 0.14850148558995946, 0.18295747334228485, 0.9718404559009582, 0.18014433763889762, 0.0, 0.0, 0.0, 1.0]}
data modify storage ps:ani_data data[-1].frames[-1].part_15 set value {interpolation_duration:1,start_interpolation:0,transformation:[0.14622647585025147, 0.9766812953143594, -0.157198807703751, 1.0256865819133179, -0.9861526946051083, 0.1564834086627322, 0.0549163521765266, 0.26980759491118567, 0.07823477924490983, 0.14699180316043953, 0.9860389085224494, -0.09522829511032174, 0.0, 0.0, 0.0, 1.0]}
data modify storage ps:ani_data data[-1].frames[-1].part_16 set value {interpolation_duration:1,start_interpolation:0,transformation:[0.14622647585025147, 0.9745685258424419, -0.1698057896471905, 0.9489030352830626, -0.9861526946051083, 0.15717994169997163, 0.05288978020636389, 0.2640736826171409, 0.07823477924490983, 0.15972055085205417, 0.984057246785987, -0.023990484747526433, 0.0, 0.0, 0.0, 1.0]}
data modify storage ps:ani_data data[-1].frames[-1].part_7 set value {interpolation_duration:1,start_interpolation:0,transformation:[-0.04918572958815901, 0.9771869434992354, -0.20660697340482648, 0.6333410404726464, -0.9928136222542534, -0.025239373291683024, 0.11697899598745008, 0.33063739231043954, 0.1090957170161564, 0.210875914913167, 0.9714059259847376, 0.2637862043353327, 0.0, 0.0, 0.0, 1.0]}
data modify storage ps:ani_data data[-1].frames[-1].part_8 set value {interpolation_duration:1,start_interpolation:0,transformation:[-0.04918572958815901, 0.9771869434992354, -0.20660697340482648, 0.5561126415569988, -0.9928136222542534, -0.025239373291683024, 0.11697899598745008, 0.333312619625959, 0.1090957170161564, 0.210875914913167, 0.9714059259847376, 0.25331344650976184, 0.0, 0.0, 0.0, 1.0]}
data modify storage ps:ani_data data[-1].frames[-1].part_9 set value {interpolation_duration:1,start_interpolation:0,transformation:[-0.04918572958815901, 0.9771869434992354, -0.20660697340482648, 0.6692140190569199, -0.9928136222542534, -0.025239373291683024, 0.11697899598745008, 0.33116318316554233, 0.1090957170161564, 0.210875914913167, 0.9714059259847376, 0.284744414337583, 0.0, 0.0, 0.0, 1.0]}
data modify storage ps:ani_data data[-1].frames[-1].part_3 set value {interpolation_duration:1,start_interpolation:0,transformation:[-0.42872501284447745, -0.019411486553495186, 0.8632621971265226, 0.5221208285940159, -0.7261586041978475, -0.13414440435410233, -0.5021648572937047, 0.05093307916952238, 0.10671712566845373, -0.9907716553122957, 0.051076757057218744, -0.06192069280421556, 0.0, 0.0, 0.0, 1.0]}
data modify storage ps:ani_data data[-1].frames[-1].part_4 set value {interpolation_duration:1,start_interpolation:0,transformation:[0.1675321281361002, -0.31268716318341483, 0.9291822532948045, 0.21877051280549686, -0.5673454253903046, 0.6513992881044324, 0.3607896420083196, 0.4858223866985984, -0.6103705057838917, -0.6913072438773856, -0.08031920306812455, 0.015942048475736215, 0.0, 0.0, 0.0, 1.0]}
#5
data modify storage ps:ani_data data[-1].frames append value {}
data modify storage ps:ani_data data[-1].frames[-1].part_5 set value {interpolation_duration:1,start_interpolation:0,transformation:[0.08559768385875038, 0.9949434844829248, -0.05254045301473226, -0.1585347814493863, -0.9962635556338896, 0.08608091789218801, 0.007000235035939502, 0.17001684937938957, 0.011487568660836632, 0.05174493462952923, 0.9985942607017368, -0.20943703787058113, 0.0, 0.0, 0.0, 1.0]}
data modify storage ps:ani_data data[-1].frames[-1].part_6 set value {interpolation_duration:1,start_interpolation:0,transformation:[0.29480024045398967, 0.9138977019816459, -0.27907670727048584, -0.058394956785617805, -0.9289034526051639, 0.34258311351190035, 0.1406242727081581, 0.4342437254386027, 0.22412316695619827, 0.21777924751720257, 0.9499163149374608, 0.06661362229972947, 0.0, 0.0, 0.0, 1.0]}
data modify storage ps:ani_data data[-1].frames[-1].part_1 set value {interpolation_duration:1,start_interpolation:0,transformation:[0.12444845137500157, 0.9383169948266573, -0.32260471194611245, -0.1572880211454458, -0.9881842711324552, 0.0878909235786368, -0.12556684211571376, 0.2813467541034728, -0.08946747586012596, 0.33441950118371466, 0.9381679849532563, -0.17589847134797307, 0.0, 0.0, 0.0, 1.0]}
data modify storage ps:ani_data data[-1].frames[-1].part_2 set value {interpolation_duration:1,start_interpolation:0,transformation:[-0.049391250513783194, 0.9771204936171303, -0.206872050616076, 0.5473393910016736, -0.9928352602771864, -0.025468725237237897, 0.11674540669817263, 0.3133636317386477, 0.10880556200404629, 0.21115606784605, 0.9713776117909957, 0.06724035712395417, 0.0, 0.0, 0.0, 1.0]}
data modify storage ps:ani_data data[-1].frames[-1].part_10 set value {interpolation_duration:1,start_interpolation:0,transformation:[0.2504775557035943, 0.9422635363283997, -0.22226205747866973, 0.8231618952378469, -0.953541932230982, 0.27981005550037186, 0.11164280683538998, 0.5134510301598907, 0.16738810461307635, 0.18397217438182717, 0.9685739318644007, 0.29495888766089773, 0.0, 0.0, 0.0, 1.0]}
data modify storage ps:ani_data data[-1].frames[-1].part_12 set value {interpolation_duration:1,start_interpolation:0,transformation:[0.27551098753160325, 0.937484858215233, -0.21264015699421715, 0.9422150037828769, -0.9457378325364949, 0.30397526502957756, 0.11479978379496572, 0.44821523573791183, 0.172260407112411, 0.16947323938416523, 0.9703634232977376, 0.328153743766907, 0.0, 0.0, 0.0, 1.0]}
data modify storage ps:ani_data data[-1].frames[-1].part_11 set value {interpolation_duration:1,start_interpolation:0,transformation:[-0.006853998361232705, 0.982589171863053, -0.18566513416348274, 0.9329541443115426, -0.9931161314135756, 0.015022819152308435, 0.11616653748326466, 0.26205862443593936, 0.11693319559730636, 0.18518324503636083, 0.9757221907516532, 0.3485547866426656, 0.0, 0.0, 0.0, 1.0]}
data modify storage ps:ani_data data[-1].frames[-1].part_14 set value {interpolation_duration:1,start_interpolation:0,transformation:[0.050559091243962184, 0.97460794365628, -0.21813558731821397, 0.9840904664305025, -0.9902882367702471, 0.07724506060950301, 0.11559588541946099, 0.4883776757493285, 0.1295105648472728, 0.21017268322384722, 0.9690482221331552, 0.13922009393084234, 0.0, 0.0, 0.0, 1.0]}
data modify storage ps:ani_data data[-1].frames[-1].part_13 set value {interpolation_duration:1,start_interpolation:0,transformation:[0.14499329781731352, 0.96813934413364, -0.20416452661651313, 0.9655687474878337, -0.9782355325018639, 0.17122282108071196, 0.11720916556292511, 0.11606445314538366, 0.14843243088642907, 0.18272645096331164, 0.9718944683346532, 0.18002217968235967, 0.0, 0.0, 0.0, 1.0]}
data modify storage ps:ani_data data[-1].frames[-1].part_15 set value {interpolation_duration:1,start_interpolation:0,transformation:[0.14603117825729128, 0.9763922490675896, -0.15916366085737568, 1.025717260358652, -0.986199921830108, 0.15636595160507052, 0.054400398536499354, 0.2698117885260237, 0.07800390476813607, 0.14902303559978636, 0.9857522638581909, -0.09529011030687456, 0.0, 0.0, 0.0, 1.0]}
data modify storage ps:ani_data data[-1].frames[-1].part_16 set value {interpolation_duration:1,start_interpolation:0,transformation:[0.14603117825729128, 0.9739612940170812, -0.1734194127926849, 0.9487915075234757, -0.986199921830108, 0.1571444614574053, 0.05210885160461015, 0.2640432526468518, 0.07800390476813607, 0.16341669434251338, 0.983468542888429, -0.024208685495929246, 0.0, 0.0, 0.0, 1.0]}
data modify storage ps:ani_data data[-1].frames[-1].part_7 set value {interpolation_duration:1,start_interpolation:0,transformation:[-0.049391250513783194, 0.9771204936171303, -0.206872050616076, 0.6332768438460016, -0.9928352602771864, -0.025468725237237897, 0.11674540669817263, 0.33061048725617315, 0.10880556200404629, 0.21115606784605, 0.9713776117909957, 0.2636259476681347, 0.0, 0.0, 0.0, 1.0]}
data modify storage ps:ani_data data[-1].frames[-1].part_8 set value {interpolation_duration:1,start_interpolation:0,transformation:[-0.049391250513783194, 0.9771204936171303, -0.206872050616076, 0.5560519951168033, -0.9928352602771864, -0.025468725237237897, 0.11674540669817263, 0.3333021211179197, 0.10880556200404629, 0.21115606784605, 0.9713776117909957, 0.25313123744612936, 0.0, 0.0, 0.0, 1.0]}
data modify storage ps:ani_data data[-1].frames[-1].part_9 set value {interpolation_duration:1,start_interpolation:0,transformation:[-0.049391250513783194, 0.9771204936171303, -0.206872050616076, 0.6691437519130281, -0.9928352602771864, -0.025468725237237897, 0.11674540669817263, 0.33112418895013457, 0.10880556200404629, 0.21115606784605, 0.9713776117909957, 0.2845948444276356, 0.0, 0.0, 0.0, 1.0]}
data modify storage ps:ani_data data[-1].frames[-1].part_3 set value {interpolation_duration:1,start_interpolation:0,transformation:[-0.42889241448921983, -0.019121959790424733, 0.8631535607290572, 0.5220645118385157, -0.7260801514054449, -0.1341368373991087, -0.5023238652296672, 0.05098024305646134, 0.10657818974186745, -0.9907783099696615, 0.051348466593236705, -0.06211104697666116, 0.0, 0.0, 0.0, 1.0]}
data modify storage ps:ani_data data[-1].frames[-1].part_4 set value {interpolation_duration:1,start_interpolation:0,transformation:[0.16756101174505225, -0.3124251974771033, 0.929263160636218, 0.2187921167627281, -0.5673737643324025, 0.6514561794798656, 0.3606252028635486, 0.48592402879935853, -0.6103362342924219, -0.6913720721860916, -0.08012141626313621, 0.015750933478333912, 0.0, 0.0, 0.0, 1.0]}
#6
data modify storage ps:ani_data data[-1].frames append value {}
data modify storage ps:ani_data data[-1].frames[-1].part_5 set value {interpolation_duration:1,start_interpolation:0,transformation:[0.08535417973231459, 0.9949630863629908, -0.052565395244925275, -0.15855995484146498, -0.9962844203974996, 0.08583804510457366, 0.007013108144274456, 0.16976560108473643, 0.011489894492198376, 0.05177148624152729, 0.998592857743786, -0.20960745874942002, 0.0, 0.0, 0.0, 1.0]}
data modify storage ps:ani_data data[-1].frames[-1].part_6 set value {interpolation_duration:1,start_interpolation:0,transformation:[0.2951095213593877, 0.9137234802382402, -0.2793201963058723, -0.05835668332729709, -0.9287908632439503, 0.34293161773229147, 0.14051846111479832, 0.4343471881638415, 0.2241827441120094, 0.21796171044665497, 0.9498604055447188, 0.06642017726192673, 0.0, 0.0, 0.0, 1.0]}
