#0
data modify storage ps:ani_data data append value {ani_tag:'nagi',height:2.4,width:0.8}
data modify storage ps:ani_data data[-1].parts.part_5 set value {name:'nagi_part',init_pos:[0.9981019192183145, -0.059988485138017064, 0.013926252315798558, 0.10942612620491078, 0.06029227032053093, 0.9979265157687333, -0.02252801068163974, 0.7522245646237893, -0.012545955217256474, 0.02332489606669136, 0.9996492125896788, 0.01758201582122122, 0.0, 0.0, 0.0, 1.0],item_model:'minecraft:nagi_left_leg'}
data modify storage ps:ani_data data[-1].parts.part_6 set value {name:'nagi_part',init_pos:[0.9998845031761427, -0.015198036327041888, 0.0, -0.15637938462196938, 0.0151938865774485, 0.9996114895958879, -0.023366978378937912, 0.7468026503688188, 0.0003551321862563007, 0.023364279567152004, 0.9997269548839014, 0.017455287465494265, 0.0, 0.0, 0.0, 1.0],item_model:'minecraft:nagi_right_leg'}
data modify storage ps:ani_data data[-1].parts.part_1 set value {name:'nagi_part',init_pos:[0.9998177385085866, -0.018949043570482178, -0.002328843348006031, -0.015547014281237401, 0.01908117313089436, 0.9958424592671855, 0.0890713486629284, 0.7496341030829696, 0.0006313442202309118, -0.08909955144919693, 0.9960225255163798, 0.017521468030126768, 0.0, 0.0, 0.0, 1.0],item_model:'minecraft:nagi_body'}
data modify storage ps:ani_data data[-1].parts.part_2 set value {name:'nagi_part',init_pos:[0.9973938148282611, -0.017013613236720012, 0.07011501342052145, -0.030044658394103002, -0.01436594419087367, 0.9055099454788679, 0.42408178254478507, 1.5105055919824617, -0.07070500540862226, -0.42398381526125384, 0.9029056022678548, -0.019413786428118553, 0.0, 0.0, 0.0, 1.0],item_model:'minecraft:nagi_head'}
data modify storage ps:ani_data data[-1].parts.part_10 set value {name:'nagi_part',init_pos:[0.997338397991191, 0.018969657024874097, 0.07040079548360083, -0.20922618779452917, -0.04615809859213158, 0.9117065317563763, 0.4082408968821213, 1.875686398707544, -0.05644067528586284, -0.4104038889497982, 0.9101555351192221, 0.030643260242079064, 0.0, 0.0, 0.0, 1.0],item_model:'minecraft:nagi_hair_ahoge'}
data modify storage ps:ani_data data[-1].parts.part_12 set value {name:'nagi_part',init_pos:[0.9975126830891484, -0.006333832053233568, 0.07020206298827458, -0.14901577602235289, -0.02375343627427239, 0.9074938676379483, 0.41939319792371693, 1.987977270380473, -0.06636430773730953, -0.4200175743597395, 0.9050861925184297, -0.02677377950361656, 0.0, 0.0, 0.0, 1.0],item_model:'minecraft:nagi_hair_front_right'}
data modify storage ps:ani_data data[-1].parts.part_11 set value {name:'nagi_part',init_pos:[0.9949861383988562, -0.07178475352063651, 0.06963859243346308, 0.037995564257946084, 0.03310468465487387, 0.893433852064219, 0.44797324902229657, 1.9852836558446842, -0.09437512515506338, -0.44342180950836485, 0.8913307100085204, -0.04003096801773322, 0.0, 0.0, 0.0, 1.0],item_model:'minecraft:nagi_hair_front_left'}
data modify storage ps:ani_data data[-1].parts.part_14 set value {name:'nagi_part',init_pos:[0.997469659366662, 0.010361246491339734, 0.07033436723324617, -0.22449945446546696, -0.03851053237603363, 0.9103506168259349, 0.41204210141774855, 1.9093598076652556, -0.05975966481724858, -0.41370810847236894, 0.9084461367880567, -0.19164951709080044, 0.0, 0.0, 0.0, 1.0],item_model:'minecraft:nagi_hair_right'}
data modify storage ps:ani_data data[-1].parts.part_13 set value {name:'nagi_part',init_pos:[0.9973429033460215, -0.019857304722811386, 0.07009151585230551, 0.14952322609513097, -0.011873374224803085, 0.9049611798386726, 0.4253284448159037, 1.9039725785936776, -0.0718759774183723, -0.42503052882603953, 0.902320837305673, -0.21816389411903378, 0.0, 0.0, 0.0, 1.0],item_model:'minecraft:nagi_hair_left'}
data modify storage ps:ani_data data[-1].parts.part_15 set value {name:'nagi_part',init_pos:[0.9973938148282611, -0.004403996277240543, 0.07201515784276705, -0.05501686754029837, -0.01436594419087367, 0.9660270789402756, 0.25804128042160945, 1.8006457474932702, -0.07070500540862226, -0.2584033428013443, 0.9634461659269073, -0.4306331061718809, 0.0, 0.0, 0.0, 1.0],item_model:'minecraft:nagi_hair_back'}
data modify storage ps:ani_data data[-1].parts.part_16 set value {name:'nagi_part',init_pos:[0.9973938148282611, -0.0037655887372437698, 0.07205136004122714, -0.048823617098710595, -0.01436594419087367, 0.9682760321269904, 0.24946972813533227, 1.758608314747357, -0.07070500540862226, -0.24985464964629697, 0.9656984292522658, -0.3347273487550159, 0.0, 0.0, 0.0, 1.0],item_model:'minecraft:nagi_hair_back_bottom'}
data modify storage ps:ani_data data[-1].parts.part_7 set value {name:'nagi_part',init_pos:[0.9973938148282611, -0.017013613236720012, 0.07011501342052145, -0.01990123270010175, -0.01436594419087367, 0.9055099454788679, 0.42408178254478507, 1.6979086471126579, -0.07070500540862226, -0.42398381526125384, 0.9029056022678548, 0.08559671706109931, 0.0, 0.0, 0.0, 1.0],item_model:'minecraft:nagi_eye'}
data modify storage ps:ani_data data[-1].parts.part_8 set value {name:'nagi_part',init_pos:[0.9973938148282611, -0.017013613236720012, 0.07011501342052145, -0.01983461534163538, -0.01436594419087367, 0.9055099454788679, 0.42408178254478507, 1.7196950117292755, -0.07070500540862226, -0.42398381526125384, 0.9029056022678548, 0.08210986410797386, 0.0, 0.0, 0.0, 1.0],item_model:'minecraft:nagi_eyelid'}
data modify storage ps:ani_data data[-1].parts.part_9 set value {name:'nagi_part',init_pos:[0.9973938148282611, -0.017013613236720012, 0.07011501342052145, -0.01966049131205559, -0.01436594419087367, 0.9055099454788679, 0.42408178254478507, 1.7391577073677096, -0.07070500540862226, -0.42398381526125384, 0.9029056022678548, 0.08061167075351977, 0.0, 0.0, 0.0, 1.0],item_model:'minecraft:nagi_eyebrow'}
data modify storage ps:ani_data data[-1].parts.part_3 set value {name:'nagi_part',init_pos:[0.8489946941557533, -0.04337850577141328, 0.02196205690380356, 0.2280215076161277, 0.037211580379494485, 0.9988779476247003, -0.018063875107257075, 1.3155625582310888, -0.017980755852829846, 0.01900397290320984, 0.9995956004668406, -0.017494822789066458, 0.0, 0.0, 0.0, 1.0],item_model:'minecraft:nagi_left_arm'}
data modify storage ps:ani_data data[-1].parts.part_4 set value {name:'nagi_part',init_pos:[0.839417924102979, 0.1085706538723053, 0.11382629376313409, -0.27807095608579846, -0.09793823789021033, 0.9918949239085304, 0.05355815458968037, 1.3089345298224708, -0.09102554725793155, -0.06600661362493024, 0.9920559958616734, -0.0061351100196694874, 0.0, 0.0, 0.0, 1.0],item_model:'minecraft:nagi_right_arm'}
#1
data modify storage ps:ani_data data[-1].frames append value {}
data modify storage ps:ani_data data[-1].frames[-1].part_5 set value {interpolation_duration:1,start_interpolation:0,transformation:[0.9981055243807712, -0.05992845981657491, 0.0139263026176776, 0.10947137226416853, 0.06023226722909135, 0.9979301202976295, -0.022528847888917902, 0.7522179848834627, -0.012547357691135455, 0.023324980316644185, 0.9996491930213314, 0.01758186203057949, 0.0, 0.0, 0.0, 1.0]}
data modify storage ps:ani_data data[-1].frames[-1].part_6 set value {interpolation_duration:1,start_interpolation:0,transformation:[0.9998854152795906, -0.015137909735519059, 1.2494303049408137e-22, -0.1563344642099088, 0.015133776403197834, 0.9996124014502902, -0.023366978378937912, 0.7468120500921421, 0.00035372720949218756, 0.02336430088025355, 0.9997269548839014, 0.017455507168614798, 0.0, 0.0, 0.0, 1.0]}
data modify storage ps:ani_data data[-1].frames[-1].part_1 set value {interpolation_duration:1,start_interpolation:0,transformation:[0.9998188846926273, -0.01888930158256218, -0.002322089083992525, -0.01550192381211369, 0.019021066963305112, 0.9958435966327891, 0.08907148846319059, 0.749635036368875, 0.0006299393371159398, -0.0890995248651408, 0.9960225287839817, 0.017521489844154556, 0.0, 0.0, 0.0, 1.0]}
data modify storage ps:ani_data data[-1].frames[-1].part_2 set value {interpolation_duration:1,start_interpolation:0,transformation:[0.9973895685394938, -0.016906014056119953, 0.07020139070799544, -0.02995387841804961, -0.014500033001267489, 0.9055103352595081, 0.4240763867290603, 1.5105073954511854, -0.07073752619059072, -0.4239872868694858, 0.9029014248307995, -0.01941374427499417, 0.0, 0.0, 0.0, 1.0]}
data modify storage ps:ani_data data[-1].frames[-1].part_10 set value {interpolation_duration:1,start_interpolation:0,transformation:[0.9970927245823371, 0.028768972647395852, 0.07055809519668875, -0.20908479115399303, -0.054931318868215444, 0.9131314094720522, 0.4039474956513306, 1.8757124539192185, -0.052807658463238455, -0.40664895825318026, 0.9120570025822033, 0.030647531894802193, 0.0, 0.0, 0.0, 1.0]}
data modify storage ps:ani_data data[-1].frames[-1].part_12 set value {interpolation_duration:1,start_interpolation:0,transformation:[0.9975233258895931, -0.0009691405905506226, 0.07032975950961483, -0.1488611948772897, -0.02852312012661456, 0.9084238460706924, 0.4170761890930404, 1.9879949937640777, -0.0642934360911534, -0.4180492514724151, 0.9061463333363691, -0.026771974350795445, 0.0, 0.0, 0.0, 1.0]}
data modify storage ps:ani_data data[-1].frames[-1].part_11 set value {interpolation_duration:1,start_interpolation:0,transformation:[0.9943660377901931, -0.0799045847817574, 0.06965228079745256, 0.03814934922386542, 0.039998326118019276, 0.8913562168039095, 0.4515354124238521, 1.9852762375763402, -0.09816474314736841, -0.4462055043316661, 0.8895303992033858, -0.04003526051153121, 0.0, 0.0, 0.0, 1.0]}
data modify storage ps:ani_data data[-1].frames[-1].part_14 set value {interpolation_duration:1,start_interpolation:0,transformation:[0.9973857290884557, 0.016025304858469307, 0.07046202533906407, -0.22436080366875716, -0.043576828006431687, 0.9112308049402111, 0.4095845214225175, 1.9093869233149583, -0.057643451246326825, -0.41158426808152887, 0.909546932706721, -0.1916448961196584, 0.0, 0.0, 0.0, 1.0]}
data modify storage ps:ani_data data[-1].frames[-1].part_13 set value {interpolation_duration:1,start_interpolation:0,transformation:[0.9972675777629159, -0.023159764082234795, 0.07014986579132954, 0.149660284533553, -0.009022591613612399, 0.9042930325280327, 0.42681694455800157, 1.9039494109394823, -0.07332101461013951, -0.42628363403831193, 0.9016131610439315, -0.21817146844112995, 0.0, 0.0, 0.0, 1.0]}
data modify storage ps:ani_data data[-1].frames[-1].part_15 set value {interpolation_duration:1,start_interpolation:0,transformation:[0.9973895685394938, -0.0037323679932958417, 0.07211184367193071, -0.054900607244600934, -0.014500033001267489, 0.9679685910196254, 0.25065226079659303, 1.8006490704449547, -0.07073752619059072, -0.2510435743623877, 0.9653876558977703, -0.43063353848809405, 0.0, 0.0, 0.0, 1.0]}
data modify storage ps:ani_data data[-1].frames[-1].part_16 set value {interpolation_duration:1,start_interpolation:0,transformation:[0.9973895685394938, -0.0024836236937792397, 0.07216564405553415, -0.04874336590719153, -0.014500033001267489, 0.9721621217590699, 0.23386012498898923, 1.7578787364052266, -0.07073752619059072, -0.23429605338172302, 0.969588346546195, -0.33505004977877323, 0.0, 0.0, 0.0, 1.0]}
data modify storage ps:ani_data data[-1].frames[-1].part_7 set value {interpolation_duration:1,start_interpolation:0,transformation:[0.9973895685394938, -0.016906014056119953, 0.07020139070799544, -0.019841191918741397, -0.014500033001267489, 0.9055103352595081, 0.4240763867290603, 1.697910417213025, -0.07073752619059072, -0.4239872868694858, 0.9029014248307995, 0.08559980028869348, 0.0, 0.0, 0.0, 1.0]}
data modify storage ps:ani_data data[-1].frames[-1].part_8 set value {interpolation_duration:1,start_interpolation:0,transformation:[0.9973895685394938, -0.016906014056119953, 0.07020139070799544, -0.019712461282478007, -0.014500033001267489, 0.9055103352595081, 0.4240763867290603, 1.7196958950275438, -0.07073752619059072, -0.4239872868694858, 0.9029014248307995, 0.0821086421792434, 0.0, 0.0, 0.0, 1.0]}
data modify storage ps:ani_data data[-1].frames[-1].part_9 set value {interpolation_duration:1,start_interpolation:0,transformation:[0.9973895685394938, -0.016906014056119953, 0.07020139070799544, -0.019535775783438077, -0.014500033001267489, 0.9055103352595081, 0.4240763867290603, 1.7391585604791224, -0.07073752619059072, -0.4239872868694858, 0.9029014248307995, 0.08061035656772333, 0.0, 0.0, 0.0, 1.0]}
data modify storage ps:ani_data data[-1].frames[-1].part_3 set value {interpolation_duration:1,start_interpolation:0,transformation:[0.8489910173477366, -0.04347783149652936, 0.021962375486661856, 0.22810057041407505, 0.03729604126864049, 0.9988735638421289, -0.018065195411788366, 1.3155488478650426, -0.017979370638125033, 0.019007409757350338, 0.999595569606887, -0.017495143246392727, 0.0, 0.0, 0.0, 1.0]}
data modify storage ps:ani_data data[-1].frames[-1].part_4 set value {interpolation_duration:1,start_interpolation:0,transformation:[0.8394277434069012, 0.1084606833702477, 0.11383090729372539, -0.2779922748686384, -0.09784398578413787, 0.9919081678049797, 0.05355131154543881, 1.308951244274168, -0.09103635562055036, -0.06598838386130634, 0.9920558359167344, -0.006134719346766744, 0.0, 0.0, 0.0, 1.0]}
#2
data modify storage ps:ani_data data[-1].frames append value {}
data modify storage ps:ani_data data[-1].frames[-1].part_5 set value {interpolation_duration:1,start_interpolation:0,transformation:[0.9981160741080088, -0.05975246106027525, 0.013926449815233827, 0.10960403388885188, 0.06005633365283092, 0.9979406681708897, -0.022531302643614443, 0.7521986770472464, -0.012551469850012958, 0.02332522685588694, 0.9996491356454652, 0.01758141074156582, 0.0, 0.0, 0.0, 1.0]}
data modify storage ps:ani_data data[-1].frames[-1].part_6 set value {interpolation_duration:1,start_interpolation:0,transformation:[0.9998880687742434, -0.014961614983478432, 4.912827929528154e-22, -0.15620275185988874, 0.014957529787578241, 0.9996150542204194, -0.023366978378937916, 0.7468395950251191, 0.000349607733832934, 0.023364362884405736, 0.9997269548839014, 0.017456150986259387, 0.0, 0.0, 0.0, 1.0]}
data modify storage ps:ani_data data[-1].frames[-1].part_1 set value {interpolation_duration:1,start_interpolation:0,transformation:[0.9998222245256964, -0.01871413443100632, -0.0023022851661524285, -0.015369715781140695, 0.01884483201431524, 0.9958469107473056, 0.08907189602450563, 0.7496377571880279, 0.0006258201341450268, -0.08909944740314793, 0.9960225383100592, 0.017521553438841098, 0.0, 0.0, 0.0, 1.0]}
data modify storage ps:ani_data data[-1].frames[-1].part_2 set value {interpolation_duration:1,start_interpolation:0,transformation:[0.9973770082686975, -0.01659052957935623, 0.07045464999032458, -0.029687705966562415, -0.014893186276658124, 0.9055113881316404, 0.424060513330867, 1.5105126518602148, -0.0708328764029204, -0.42399750033719075, 0.9028891534005171, -0.019413621415051725, 0.0, 0.0, 0.0, 1.0]}
data modify storage ps:ani_data data[-1].frames[-1].part_10 set value {interpolation_duration:1,start_interpolation:0,transformation:[0.9967483396103441, 0.03834130383993206, 0.07087095246908943, -0.20867018863730613, -0.06360158872918559, 0.914380634819868, 0.39982857899047036, 1.8757887793277634, -0.04947307747801277, -0.4030359774092993, 0.9138459473667241, 0.030660040317720707, 0.0, 0.0, 0.0, 1.0]}
data modify storage ps:ani_data data[-1].frames[-1].part_12 set value {interpolation_duration:1,start_interpolation:0,transformation:[0.9974901034804976, 0.005063970590076405, 0.07062470998403622, -0.1484079418179321, -0.03396745470690391, 0.9093951199391795, 0.41454399989812873, 1.9880468787019274, -0.06212652798282562, -0.41590247899317473, 0.9072846424844473, -0.026766701999610686, 0.0, 0.0, 0.0, 1.0]}
data modify storage ps:ani_data data[-1].frames[-1].part_11 set value {interpolation_duration:1,start_interpolation:0,transformation:[0.9938179269492149, -0.0862924332283919, 0.06985373319936945, 0.03860024723244869, 0.0453059122259683, 0.8896347606643285, 0.4544198135371034, 1.9852544062750541, -0.10135730063363967, -0.4484457699491061, 0.8880445309909946, -0.04004786632515822, 0.0, 0.0, 0.0, 1.0]}
data modify storage ps:ani_data data[-1].frames[-1].part_14 set value {interpolation_duration:1,start_interpolation:0,transformation:[0.9972670487830492, 0.021290544992958464, 0.07074705722113292, -0.22395425170791153, -0.04836979149269794, 0.9119756235975843, 0.4073828975727261, 1.9094663565946814, -0.05584618771680276, -0.40969156039354787, 0.9105130579293191, -0.19163136348702509, 0.0, 0.0, 0.0, 1.0]}
data modify storage ps:ani_data data[-1].frames[-1].part_13 set value {interpolation_duration:1,start_interpolation:0,transformation:[0.9971469042971366, -0.02732157950555305, 0.07036748214877982, 0.15006212639285008, -0.00550414548295527, 0.903401434200201, 0.42876048449865606, 1.9038814117409342, -0.07528449796033419, -0.42792450266179144, 0.9006735615019011, -0.2181936921381203, 0.0, 0.0, 0.0, 1.0]}
data modify storage ps:ani_data data[-1].frames[-1].part_15 set value {interpolation_duration:1,start_interpolation:0,transformation:[0.9973770082686975, -0.00277541546172164, 0.07232842073484996, -0.054559725155111906, -0.014893186276658124, 0.9700140199514742, 0.24259223833443191, 1.8006587558350908, -0.0708328764029204, -0.24303312154230294, 0.9674283464184273, -0.43063481616270194, 0.0, 0.0, 0.0, 1.0]}
data modify storage ps:ani_data data[-1].frames[-1].part_16 set value {interpolation_duration:1,start_interpolation:0,transformation:[0.9973770082686975, -0.0009392854317503557, 0.07237555609361727, -0.04844732761298884, -0.014893186276658124, 0.975857163238898, 0.217901330784967, 1.7570937010447667, -0.0708328764029204, -0.21840768003485705, 0.973283509015888, -0.3354080289334507, 0.0, 0.0, 0.0, 1.0]}
data modify storage ps:ani_data data[-1].frames[-1].part_7 set value {interpolation_duration:1,start_interpolation:0,transformation:[0.9973770082686975, -0.01659052957935623, 0.07045464999032458, -0.019648389282191942, -0.014893186276658124, 0.9055113881316404, 0.424060513330867, 1.697915397031826, -0.0708328764029204, -0.42399750033719075, 0.9028891534005171, 0.08560766362602673, 0.0, 0.0, 0.0, 1.0]}
data modify storage ps:ani_data data[-1].frames[-1].part_8 set value {interpolation_duration:1,start_interpolation:0,transformation:[0.9973770082686975, -0.01659052957935623, 0.07045464999032458, -0.019354299286645817, -0.014893186276658124, 0.9055113881316404, 0.424060513330867, 1.719698430769622, -0.0708328764029204, -0.42399750033719075, 0.9028891534005171, 0.08210504947739419, 0.0, 0.0, 0.0, 1.0]}
data modify storage ps:ani_data data[-1].frames[-1].part_9 set value {interpolation_duration:1,start_interpolation:0,transformation:[0.9973770082686975, -0.01659052957935623, 0.07045464999032458, -0.019170103484545894, -0.014893186276658124, 0.9055113881316404, 0.424060513330867, 1.739161005705472, -0.0708328764029204, -0.42399750033719075, 0.9028891534005171, 0.08060649257416788, 0.0, 0.0, 0.0, 1.0]}
data modify storage ps:ani_data data[-1].frames[-1].part_3 set value {interpolation_duration:1,start_interpolation:0,transformation:[0.848979670511941, -0.04378295772971775, 0.021963309131131332, 0.22833238208302906, 0.03755549899945827, 0.9988600385642789, -0.018069066726871984, 1.3155086209274538, -0.017975081427852486, 0.019017780412161248, 0.9995954791212445, -0.0174960834851012, 0.0, 0.0, 0.0, 1.0]}
data modify storage ps:ani_data data[-1].frames[-1].part_4 set value {interpolation_duration:1,start_interpolation:0,transformation:[0.8394587719898421, 0.1081135463170666, 0.11384443204357304, -0.2777615714659771, -0.09754654604477479, 0.9919497974600773, 0.05353124576882049, 1.3090002246888577, -0.09106943221543082, -0.06593224113936486, 0.9920553669121065, -0.006133574509883579, 0.0, 0.0, 0.0, 1.0]}
#3
data modify storage ps:ani_data data[-1].frames append value {}
data modify storage ps:ani_data data[-1].frames[-1].part_5 set value {interpolation_duration:1,start_interpolation:0,transformation:[0.9981331434950413, -0.05946658909520753, 0.013926687979880257, 0.10981950379844213, 0.05977056755865849, 0.9979577345581991, -0.022535289862408554, 0.7521672662360203, -0.012558149163910959, 0.02332562575470758, 0.9996490424507635, 0.017580676565355807, 0.0, 0.0, 0.0, 1.0]}
data modify storage ps:ani_data data[-1].frames[-1].part_6 set value {interpolation_duration:1,start_interpolation:0,transformation:[0.9998923124971872, -0.014675265211480406, 1.0863143749547703e-21, -0.15598880620991332, 0.014671258201986961, 0.9996192967846353, -0.02336697837893792, 0.7468842857187441, 0.0003429166049018425, 0.02336446204738801, 0.9997269548839014, 0.017457195557946264, 0.0, 0.0, 0.0, 1.0]}
data modify storage ps:ani_data data[-1].frames[-1].part_1 set value {interpolation_duration:1,start_interpolation:0,transformation:[0.9998275830460772, -0.018429615928459743, -0.002270118272057363, -0.015154974346382011, 0.018558579120546512, 0.9958522279313373, 0.08907255057097208, 0.7496421268435783, 0.0006191294421046396, -0.08909932312268945, 0.9960225536090096, 0.01752165557237493, 0.0, 0.0, 0.0, 1.0]}
data modify storage ps:ani_data data[-1].frames[-1].part_2 set value {interpolation_duration:1,start_interpolation:0,transformation:[0.9973562577288136, -0.016078107338531367, 0.0708659977251938, -0.029255370330791636, -0.015531762209813574, 0.9055128122584173, 0.4240345636837998, 1.5105210896507189, -0.07098774212379427, -0.4240141994087738, 0.9028691484195827, -0.019413424195533616, 0.0, 0.0, 0.0, 1.0]}
data modify storage ps:ani_data data[-1].frames[-1].part_10 set value {interpolation_duration:1,start_interpolation:0,transformation:[0.9963407233441035, 0.0470953538503274, 0.07132454452613907, -0.20799670262476141, -0.07162754151000153, 0.9153901828386866, 0.3961443025714108, 1.8759125295865264, -0.0466332317492767, -0.3998035027463728, 0.9154138413244304, 0.03068030546610773, 0.0, 0.0, 0.0, 1.0]}
data modify storage ps:ani_data data[-1].frames[-1].part_12 set value {interpolation_duration:1,start_interpolation:0,transformation:[0.9974059723831032, 0.011396332104272214, 0.07107355252895028, -0.14767169993402696, -0.03975671234788117, 0.9103366014341959, 0.4119547012870781, 1.9881308959807158, -0.060006083673275604, -0.4137117301984645, 0.9084282438466942, -0.026758203342726113, 0.0, 0.0, 0.0, 1.0]}
data modify storage ps:ani_data data[-1].frames[-1].part_11 set value {interpolation_duration:1,start_interpolation:0,transformation:[0.9934125953591304, -0.0905419631091808, 0.07023936430643686, 0.03933259839012558, 0.0486991166535253, 0.888416233316924, 0.456448236294254, 1.9852186905663756, -0.10372951083950484, -0.4500208320681439, 0.8869731897220415, -0.04006840499093754, 0.0, 0.0, 0.0, 1.0]}
data modify storage ps:ani_data data[-1].frames[-1].part_14 set value {interpolation_duration:1,start_interpolation:0,transformation:[0.9971290079871246, 0.025835820045811066, 0.07117760766683252, -0.22329384061555163, -0.05259533049574182, 0.9125468755410725, 0.40557604854117085, 1.9095951504281166, -0.054474513679855466, -0.4081552527443288, 0.9112858042439574, -0.19160943478866074, 0.0, 0.0, 0.0, 1.0]}
data modify storage ps:ani_data data[-1].frames[-1].part_13 set value {interpolation_duration:1,start_interpolation:0,transformation:[0.996979062586784, -0.03207325544799351, 0.07073934583063103, 0.15071475603275347, -0.0015550575118029593, 0.9023338102902266, 0.4310351222386135, 1.9037707395994365, -0.07765520304340752, -0.4298429958625466, 0.8995580405666984, -0.21822983808508362, 0.0, 0.0, 0.0, 1.0]}
data modify storage ps:ani_data data[-1].frames[-1].part_15 set value {interpolation_duration:1,start_interpolation:0,transformation:[0.9973562577288136, -0.0015800992262728353, 0.072649834518818, -0.05400604172269755, -0.015531762209813574, 0.9720245375217786, 0.2343652338087509, 1.8006743040928264, -0.07098774212379427, -0.23487401248756284, 0.9694302134378513, -0.4306369235417678, 0.0, 0.0, 0.0, 1.0]}
data modify storage ps:ani_data data[-1].frames[-1].part_16 set value {interpolation_duration:1,start_interpolation:0,transformation:[0.9973562577288136, 0.0007854548494312351, 0.07266277059028244, -0.0479454850076001, -0.015531762209813574, 0.979137959724562, 0.20260212286420043, 1.7563031201125825, -0.07098774212379427, -0.20319507594206673, 0.9765615708090627, -0.3357797462007968, 0.0, 0.0, 0.0, 1.0]}
data modify storage ps:ani_data data[-1].frames[-1].part_7 set value {interpolation_duration:1,start_interpolation:0,transformation:[0.9973562577288136, -0.016078107338531367, 0.0708659977251938, -0.019311853493625474, -0.015531762209813574, 0.9055128122584173, 0.4240345636837998, 1.6979232206962136, -0.07098774212379427, -0.4240141994087738, 0.9028691484195827, 0.08561880783182182, 0.0, 0.0, 0.0, 1.0]}
data modify storage ps:ani_data data[-1].frames[-1].part_8 set value {interpolation_duration:1,start_interpolation:0,transformation:[0.9973562577288136, -0.016078107338531367, 0.0708659977251938, -0.018772551700858734, -0.015531762209813574, 0.9055128122584173, 0.4240345636837998, 1.7197023774084061, -0.07098774212379427, -0.4240141994087738, 0.9028691484195827, 0.08209918239558885, 0.0, 0.0, 0.0, 1.0]}
data modify storage ps:ani_data data[-1].frames[-1].part_9 set value {interpolation_duration:1,start_interpolation:0,transformation:[0.9973562577288136, -0.016078107338531367, 0.0708659977251938, -0.01857615741128952, -0.015531762209813574, 0.9055128122584173, 0.4240345636837998, 1.739164798946431, -0.07098774212379427, -0.4240141994087738, 0.9028691484195827, 0.0806001823360275, 0.0, 0.0, 0.0, 1.0]}
data modify storage ps:ani_data data[-1].frames[-1].part_3 set value {interpolation_duration:1,start_interpolation:0,transformation:[0.8489601437664929, -0.044303165109749174, 0.021964824158759427, 0.22870888972737582, 0.037997839528262814, 0.9988367698853937, -0.018075355105579338, 1.3154431947782692, -0.017967706786349676, 0.019035143450251896, 0.9995953321407028, -0.01749761271406311, 0.0, 0.0, 0.0, 1.0]}
data modify storage ps:ani_data data[-1].frames[-1].part_4 set value {interpolation_duration:1,start_interpolation:0,transformation:[0.8395131831231272, 0.10750393360655713, 0.11386639223161131, -0.2773868304053128, -0.0970243418691087, 0.9920224394230374, 0.053498648619987516, 1.3090796950220653, -0.0911256958675268, -0.06583603830945094, 0.9920546050072001, -0.006131717021147512, 0.0, 0.0, 0.0, 1.0]}
#4
data modify storage ps:ani_data data[-1].frames append value {}
data modify storage ps:ani_data data[-1].frames[-1].part_5 set value {interpolation_duration:1,start_interpolation:0,transformation:[0.9981562769697438, -0.059076942349163594, 0.01392701075513942, 0.11011317131684191, 0.05938106511585128, 0.9979808639674939, -0.022540724487061316, 0.7521243544651456, -0.012567253144868114, 0.023326166366725964, 0.9996489154253231, 0.017579673573071435, 0.0, 0.0, 0.0, 1.0]}
data modify storage ps:ani_data data[-1].frames[-1].part_6 set value {interpolation_duration:1,start_interpolation:0,transformation:[0.9998979645656092, -0.014284973137949745, 1.8973328638936256e-21, -0.15569718112704167, 0.014281072695800829, 0.9996249473097875, -0.02336697837893792, 0.7469450997731653, 0.00033379665845818064, 0.023364594119148624, 0.9997269548839014, 0.017458616986755254, 0.0, 0.0, 0.0, 1.0]}
data modify storage ps:ani_data data[-1].frames[-1].part_1 set value {interpolation_duration:1,start_interpolation:0,transformation:[0.9998347545740311, -0.018041819349904096, -0.0022262750127618894, -0.014862283221843155, 0.018168418577036105, 0.9958593439902554, 0.08907342787671255, 0.7496479836071464, 0.0006100100791225932, -0.08909915679648, 0.9960225741145928, 0.017521792464620357, 0.0, 0.0, 0.0, 1.0]}
data modify storage ps:ani_data data[-1].frames[-1].part_2 set value {interpolation_duration:1,start_interpolation:0,transformation:[0.9973272786344966, -0.015379698598641028, 0.07142663482570315, -0.028666099946457146, -0.01640211492622544, 0.9055141831842273, 0.42399886164723244, 1.5105323908948836, -0.07119880559009599, -0.4240371787039635, 0.9028417364961184, -0.019413160047481223, 0.0, 0.0, 0.0, 1.0]}
data modify storage ps:ani_data data[-1].frames[-1].part_10 set value {interpolation_duration:1,start_interpolation:0,transformation:[0.9959211032398111, 0.05450401132747996, 0.07190597242796795, -0.20707862647268127, -0.07852100274062157, 0.9161249791863145, 0.3931278095473309, 1.876080756247478, -0.044447814909228694, -0.3971704108567116, 0.9166679095996028, 0.0307078232486954, 0.0, 0.0, 0.0, 1.0]}
data modify storage ps:ani_data data[-1].frames[-1].part_12 set value {interpolation_duration:1,start_interpolation:0,transformation:[0.9972726618657444, 0.017652230647836567, 0.07166335638503465, -0.14666813388285532, -0.04555268119162578, 0.9111857115641996, 0.40946984294023114, 1.9882448969626174, -0.05807057026986224, -0.4116175382492819, 0.9095047064606835, -0.02674674943868105, 0.0, 0.0, 0.0, 1.0]}
data modify storage ps:ani_data data[-1].frames[-1].part_11 set value {interpolation_duration:1,start_interpolation:0,transformation:[0.9932044712573688, -0.0923678531706035, 0.07080295173948928, 0.0403307308611128, 0.04995237308547646, 0.8878080037140155, 0.45749503709271444, 1.98516950041395, -0.10511726165335539, -0.4508493409576958, 0.8863888723695212, -0.04009652548682403, 0.0, 0.0, 0.0, 1.0]}
data modify storage ps:ani_data data[-1].frames[-1].part_14 set value {interpolation_duration:1,start_interpolation:0,transformation:[0.9969898273963379, 0.02939740052919007, 0.07174313145066043, -0.2223935828273307, -0.056010196930485784, 0.9129198469887627, 0.4042773933994114, 1.9097702425866505, -0.05361102412777215, -0.40707879558648175, 0.9118183548689018, -0.1915796496823223, 0.0, 0.0, 0.0, 1.0]}
data modify storage ps:ani_data data[-1].frames[-1].part_13 set value {interpolation_duration:1,start_interpolation:0,transformation:[0.9967676515859765, -0.037096090276493715, 0.0712609909977117, 0.1516041466606055, 0.0025461187416791955, 0.9011520628367078, 0.43349564810329955, 1.903619449489316, -0.08029798273388311, -0.43191300018793677, 0.8983336764462991, -0.21827920177860827, 0.0, 0.0, 0.0, 1.0]}
data modify storage ps:ani_data data[-1].frames[-1].part_15 set value {interpolation_duration:1,start_interpolation:0,transformation:[0.9973272786344966, -0.00019481762242663098, 0.07306340628251179, -0.05325137678978839, -0.01640211492622544, 0.973875778633267, 0.22648827434857444, 1.800695130626175, -0.07119880559009599, -0.22708132868543432, 0.9712696846113347, -0.4306398598544949, 0.0, 0.0, 0.0, 1.0]}
data modify storage ps:ani_data data[-1].frames[-1].part_16 set value {interpolation_duration:1,start_interpolation:0,transformation:[0.9973272786344966, 0.0026099399567044296, 0.07301703571723377, -0.04724753140522983, -0.01640211492622544, 0.981852002746814, 0.18893812566027504, 1.7555569403759228, -0.07119880559009599, -0.18963078050647109, 0.9792705944564304, -0.3361416374895619, 0.0, 0.0, 0.0, 1.0]}
data modify storage ps:ani_data data[-1].frames[-1].part_7 set value {interpolation_duration:1,start_interpolation:0,transformation:[0.9973272786344966, -0.015379698598641028, 0.07142663482570315, -0.018827536518040828, -0.01640211492622544, 0.9055141831842273, 0.42399886164723244, 1.6979336122302147, -0.07119880559009599, -0.4240371787039635, 0.9028417364961184, 0.08563222739038157, 0.0, 0.0, 0.0, 1.0]}
data modify storage ps:ani_data data[-1].frames[-1].part_8 set value {interpolation_duration:1,start_interpolation:0,transformation:[0.9973272786344966, -0.015379698598641028, 0.07142663482570315, -0.0179796415662738, -0.01640211492622544, 0.9055141831842273, 0.42399886164723244, 1.7197074136080475, -0.07119880559009599, -0.4240371787039635, 0.9028417364961184, 0.0820911226776946, 0.0, 0.0, 0.0, 1.0]}
data modify storage ps:ani_data data[-1].frames[-1].part_9 set value {interpolation_duration:1,start_interpolation:0,transformation:[0.9973272786344966, -0.015379698598641028, 0.07142663482570315, -0.01776662136049499, -0.01640211492622544, 0.9055141831842273, 0.42399886164723244, 1.7391696133562473, -0.07119880559009599, -0.4240371787039635, 0.9028417364961184, 0.08059151360449911, 0.0, 0.0, 0.0, 1.0]}
data modify storage ps:ani_data data[-1].frames[-1].part_3 set value {interpolation_duration:1,start_interpolation:0,transformation:[0.8489318615087305, -0.045046018918965786, 0.021966886216121105, 0.22922203338715325, 0.03862949057959384, 0.9988030791458663, -0.01808392676274102, 1.3153538464045504, -0.017957086982101262, 0.01905951909909403, 0.9995951317922711, -0.01749970108579969, 0.0, 0.0, 0.0, 1.0]}
data modify storage ps:ani_data data[-1].frames[-1].part_4 set value {interpolation_duration:1,start_interpolation:0,transformation:[0.8395928274646725, 0.10660762964607629, 0.1138963085762788, -0.2768760277296464, -0.09625672527436291, 0.9921283302965692, 0.05345420910764245, 1.3091878390291356, -0.09120595873808157, -0.06569771323407564, 0.9920535663064638, -0.006129189332299392, 0.0, 0.0, 0.0, 1.0]}
#5
data modify storage ps:ani_data data[-1].frames append value {}
data modify storage ps:ani_data data[-1].frames[-1].part_5 set value {interpolation_duration:1,start_interpolation:0,transformation:[0.9981849948213614, -0.05858961788443834, 0.013927411447733925, 0.11048042305802977, 0.05889392112869529, 0.9980095767723218, -0.022547521478379174, 0.7520705255709464, -0.012578639336827523, 0.023326837481460177, 0.9996487565567956, 0.017578415410929492, 0.0, 0.0, 0.0, 1.0]}
data modify storage ps:ani_data data[-1].frames[-1].part_6 set value {interpolation_duration:1,start_interpolation:0,transformation:[0.9999048189187776, -0.013796851198964752, 2.9116333471630597e-21, -0.15533242676077308, 0.013793084036127338, 0.9996317997914084, -0.023366978378937923, 0.7470209967179667, 0.0003223907236636331, 0.023364754284670917, 0.9997269548839014, 0.017460390953396382, 0.0, 0.0, 0.0, 1.0]}
data modify storage ps:ani_data data[-1].frames[-1].part_1 set value {interpolation_duration:1,start_interpolation:0,transformation:[0.9998435092531839, -0.017556817596732856, -0.0021714419525738528, -0.014496225809455473, 0.017680460302449137, 0.9958680307124028, 0.08907450100053518, 0.7496551476233136, 0.0005986048545296225, -0.0890989537585929, 0.9960225991971027, 0.017521959911751865, 0.0, 0.0, 0.0, 1.0]}
data modify storage ps:ani_data data[-1].frames[-1].part_2 set value {interpolation_duration:1,start_interpolation:0,transformation:[0.9972899052217328, -0.014506258195532704, 0.07212775759714085, -0.027929122651351782, -0.017490594735338396, 0.9055149720936511, 0.4239536701221473, 1.5105462011701005, -0.07146274580948819, -0.4240662728718224, 0.9028072176129129, -0.019412837254941903, 0.0, 0.0, 0.0, 1.0]}
data modify storage ps:ani_data data[-1].frames[-1].part_10 set value {interpolation_duration:1,start_interpolation:0,transformation:[0.9955461614905091, 0.06013654627030353, 0.07260465649110924, -0.20593023101706676, -0.08387937845631606, 0.9165733977181714, 0.39096989201874466, 1.8762904296101455, -0.04303591768853586, -0.3953186087171289, 0.9175353439463023, 0.03074207061431379, 0.0, 0.0, 0.0, 1.0]}
data modify storage ps:ani_data data[-1].frames[-1].part_12 set value {interpolation_duration:1,start_interpolation:0,transformation:[0.9971007373330053, 0.023472296242994864, 0.07238211739827756, -0.14541289421515, -0.05102936489645391, 0.9118925852848343, 0.4072442962409735, 1.9883866389508926, -0.05644575739806763, -0.4097572015372302, 0.9104465455259503, -0.026732635107756995, 0.0, 0.0, 0.0, 1.0]}
data modify storage ps:ani_data data[-1].frames[-1].part_11 set value {interpolation_duration:1,start_interpolation:0,transformation:[0.9932209417874803, -0.09162345979130922, 0.07153532281789646, 0.04157896301392485, 0.04895403306935641, 0.8878640027715454, 0.45749427890273514, 1.9851071524380168, -0.10543084672445101, -0.4508909559953046, 0.8863304588925092, -0.04013189994703601, 0.0, 0.0, 0.0, 1.0]}
data modify storage ps:ani_data data[-1].frames[-1].part_14 set value {interpolation_duration:1,start_interpolation:0,transformation:[0.9968665740665914, 0.03178474470429549, 0.07243454640445691, -0.22126746784097218, -0.0584374136313044, 0.9130817510229307, 0.40356757133964893, 1.9099884879739486, -0.053311370239569944, -0.40653590979516385, 0.9120780952584039, -0.19154256679708517, 0.0, 0.0, 0.0, 1.0]}
data modify storage ps:ani_data data[-1].frames[-1].part_13 set value {interpolation_duration:1,start_interpolation:0,transformation:[0.9965233383229648, -0.04204281128920526, 0.07192800703866203, 0.15271624661717753, 0.006498669551958578, 0.8999304741525492, 0.4359849871103618, 1.903429514948197, -0.08306024001715855, -0.4340017784646374, 0.8970749426986709, -0.21834109647564326, 0.0, 0.0, 0.0, 1.0]}
data modify storage ps:ani_data data[-1].frames[-1].part_15 set value {interpolation_duration:1,start_interpolation:0,transformation:[0.9972899052217328, 0.0013325286692802175, 0.07355997084130007, -0.05230755001118254, -0.017490594735338396, 0.9754650482815285, 0.21945846686086187, 1.8007205839305358, -0.07146274580948819, -0.22015032125450423, 0.9728447522667258, -0.4306436360395924, 0.0, 0.0, 0.0, 1.0]}
data modify storage ps:ani_data data[-1].frames[-1].part_16 set value {interpolation_duration:1,start_interpolation:0,transformation:[0.9972899052217328, 0.004458886926460941, 0.07343679779377912, -0.04636290438160716, -0.017490594735338396, 0.9839137270324898, 0.17778598609800383, 1.7549019906235794, -0.07146274580948819, -0.17858862249430252, 0.981325216162795, -0.33646967942571493, 0.0, 0.0, 0.0, 1.0]}
data modify storage ps:ani_data data[-1].frames[-1].part_7 set value {interpolation_duration:1,start_interpolation:0,transformation:[0.9972899052217328, -0.014506258195532704, 0.07212775759714085, -0.01819550706849488, -0.017490594735338396, 0.9055149720936511, 0.4239536701221473, 1.697946326499917, -0.07146274580948819, -0.4240662728718224, 0.9028072176129129, 0.08564720587426264, 0.0, 0.0, 0.0, 1.0]}
data modify storage ps:ani_data data[-1].frames[-1].part_8 set value {interpolation_duration:1,start_interpolation:0,transformation:[0.9972899052217328, -0.014506258195532704, 0.07212775759714085, -0.01698799268265176, -0.017490594735338396, 0.9055149720936511, 0.4239536701221473, 1.7197131552406797, -0.07146274580948819, -0.4240662728718224, 0.9028072176129129, 0.08208094054035346, 0.0, 0.0, 0.0, 1.0]}
data modify storage ps:ani_data data[-1].frames[-1].part_9 set value {interpolation_duration:1,start_interpolation:0,transformation:[0.9972899052217328, -0.014506258195532704, 0.07212775759714085, -0.016754179984636224, -0.017490594735338396, 0.9055149720936511, 0.4239536701221473, 1.7391750569705497, -0.07146274580948819, -0.4240662728718224, 0.9028072176129129, 0.08058056168871477, 0.0, 0.0, 0.0, 1.0]}
data modify storage ps:ani_data data[-1].frames[-1].part_3 set value {interpolation_duration:1,start_interpolation:0,transformation:[0.8488942043982243, -0.046016544618482355, 0.021969460418310452, 0.2298637474770267, 0.03945472080745346, 0.9987582371357918, -0.018094648039399978, 1.315241821030484, -0.017943097422452182, 0.019090871503961382, 0.9995948812000082, -0.0175023194952373, 0.0, 0.0, 0.0, 1.0]}
data modify storage ps:ani_data data[-1].frames[-1].part_4 set value {interpolation_duration:1,start_interpolation:0,transformation:[0.8396990586236662, 0.10540283265825709, 0.11393369903722818, -0.2762371328697894, -0.09522510410004874, 0.9922691023304359, 0.05339861439552039, 1.3093228088132152, -0.09131084544381121, -0.0655154289306474, 0.9920522668712233, -0.006126034634898274, 0.0, 0.0, 0.0, 1.0]}
#6
data modify storage ps:ani_data data[-1].frames append value {}
