#0
data modify storage ps:ani_data data append value {ani_tag:'nagi',height:2.4,width:0.8}
data modify storage ps:ani_data data[-1].parts.part_17 set value {name:'nagi_part',init_pos:[1.0, 0.0, 0.0, 0.0, 0.0, 0.9874768916013903, 0.15776371114187215, 0.06952919950295196, 0.0, -0.15776371114187215, 0.9874768916013903, 0.0394619240891767, 0.0, 0.0, 0.0, 1.0],item_model:'minecraft:nagi_chair'}
data modify storage ps:ani_data data[-1].parts.part_5 set value {name:'nagi_part',init_pos:[0.9698463103929543, -0.17364817766692986, 0.1710100716628343, 0.125, 0.22166480038679007, 0.33682408883346526, -0.9151034091571238, 0.8825604621672056, 0.10130572780774971, 0.9254165783983235, 0.36515928844667483, 0.019491729574536196, 0.0, 0.0, 0.0, 1.0],item_model:'minecraft:nagi_left_leg'}
data modify storage ps:ani_data data[-1].parts.part_6 set value {name:'nagi_part',init_pos:[0.9630230297100362, 0.2506079456771536, -0.09890551962140275, -0.125, -0.16836182139730727, 0.27318145479974754, -0.9471146656288639, 0.8106083673319415, -0.21033530693605412, 0.9287451482064228, 0.3052728424526912, 0.0, 0.0, 0.0, 0.0, 1.0],item_model:'minecraft:nagi_right_leg'}
data modify storage ps:ani_data data[-1].parts.part_1 set value {name:'nagi_part',init_pos:[0.9878777330375905, 2.366162821232365e-15, 0.15523396718666715, 0.0, 0.030892382945957097, 0.9799984125933049, -0.19659290930886342, 0.9147929084971742, -0.15212904142349545, 0.19900530473985525, 0.9681186102131112, -0.37149403653679997, 0.0, 0.0, 0.0, 1.0],item_model:'minecraft:nagi_body'}
data modify storage ps:ani_data data[-1].parts.part_2 set value {name:'nagi_part',init_pos:[0.9993817137945407, -0.03087014148813339, 0.01682927501675313, 1.7746221159242737e-15, 0.03469671954596916, 0.9433156498101034, -0.3300783580850021, 1.6497917179421528, -0.0056857528820066505, 0.33045819582489566, 0.94380350339799, -0.22224005798190852, 0.0, 0.0, 0.0, 1.0],item_model:'minecraft:nagi_head'}
data modify storage ps:ani_data data[-1].parts.part_10 set value {name:'nagi_part',init_pos:[0.9961056409429333, 0.0861850336322559, 0.018592795902579867, -0.19387550148587507, -0.07245947069843553, 0.9203696092058121, -0.3842777739558235, 1.876182531452003, -0.05023123717141194, 0.38143403417648425, 0.9230302814014727, 0.05905736376587079, 0.0, 0.0, 0.0, 1.0],item_model:'minecraft:nagi_hair_ahoge'}
data modify storage ps:ani_data data[-1].parts.part_12 set value {name:'nagi_part',init_pos:[0.9998417481899644, 0.0038918999911657162, 0.017358908113552257, -0.13527291205973296, 0.002360503120861914, 0.9381245423534248, -0.34629001004821636, 1.9962655326498893, -0.0176325438168288, 0.3462761847841058, 0.9379668956044831, 0.10000927868885728, 0.0, 0.0, 0.0, 1.0],item_model:'minecraft:nagi_hair_front_right'}
data modify storage ps:ani_data data[-1].parts.part_11 set value {name:'nagi_part',init_pos:[0.9780877293154264, -0.20771957463881818, 0.014034674006248499, 0.052111159276743424, 0.20475565121109443, 0.9475507382500841, -0.2454031820063493, 2.0027711675647586, 0.03767647886565134, 0.2428995198710553, 0.9693195067606434, 0.09894320002348099, 0.0, 0.0, 0.0, 1.0],item_model:'minecraft:nagi_hair_front_left'}
data modify storage ps:ani_data data[-1].parts.part_14 set value {name:'nagi_part',init_pos:[0.9981383104631036, 0.058219690845272225, 0.018176379830475903, -0.200889758237533, -0.04732161884119454, 0.927257310582414, -0.37142232614870835, 2.0559866798192035, -0.03847827407914116, 0.3698707173720971, 0.9282860953685242, -0.07659851864314035, 0.0, 0.0, 0.0, 1.0],item_model:'minecraft:nagi_hair_right'}
data modify storage ps:ani_data data[-1].parts.part_13 set value {name:'nagi_part',init_pos:[0.9990554613275893, -0.040121271230696615, 0.01668738404755729, 0.17387838443541978, 0.04336982756858805, 0.9444626012322739, -0.3257444595541696, 2.0689979496489426, -0.002691328331648396, 0.3261605102835105, 0.9453105723958721, -0.07873067597389291, 0.0, 0.0, 0.0, 1.0],item_model:'minecraft:nagi_hair_left'}
data modify storage ps:ani_data data[-1].parts.part_15 set value {name:'nagi_part',init_pos:[0.9993817137945407, -0.03125359141025455, 0.016105997548979928, -0.017713005655244866, 0.03469671954596916, 0.9507448075540788, -0.30802670105318153, 2.1450119042553233, -0.0056857528820066505, 0.3083950776729722, 0.951241372250622, -0.3136154731580142, 0.0, 0.0, 0.0, 1.0],item_model:'minecraft:nagi_hair_back'}
data modify storage ps:ani_data data[-1].parts.part_16 set value {name:'nagi_part',init_pos:[0.9993817137945407, -0.03076421915445821, 0.017022131267950907, -0.014347758736911236, 0.03469671954596916, 0.9412315430445042, -0.33597517770039237, 2.0575574116884927, -0.0056857528820066505, 0.33635806099732213, 0.9417170100493494, -0.25578984517475106, 0.0, 0.0, 0.0, 1.0],item_model:'minecraft:nagi_hair_back_bottom'}
data modify storage ps:ani_data data[-1].parts.part_7 set value {name:'nagi_part',init_pos:[0.9993817137945407, -0.03087014148813339, 0.01682927501675313, -0.0009136445580830977, 0.03469671954596916, 0.9433156498101034, -0.3300783580850021, 1.7099424615035403, -0.0056857528820066505, 0.33045819582489566, 0.94380350339799, -0.015767170409148257, 0.0, 0.0, 0.0, 1.0],item_model:'minecraft:nagi_eye'}
data modify storage ps:ani_data data[-1].parts.part_8 set value {name:'nagi_part',init_pos:[0.9993817137945407, -0.03087014148813339, 0.01682927501675313, -0.0014656620226841221, 0.03469671954596916, 0.9433156498101034, -0.3300783580850021, 1.727933458741993, -0.0056857528820066505, 0.33045819582489566, 0.94380350339799, -0.003006780145439727, 0.0, 0.0, 0.0, 1.0],item_model:'minecraft:nagi_eyelid'}
data modify storage ps:ani_data data[-1].parts.part_9 set value {name:'nagi_part',init_pos:[0.9993817137945407, -0.03087014148813339, 0.01682927501675313, -0.0019128795107667075, 0.03469671954596916, 0.9433156498101034, -0.3300783580850021, 1.7428726297169572, -0.0056857528820066505, 0.33045819582489566, 0.94380350339799, 0.009550790922185436, 0.0, 0.0, 0.0, 1.0],item_model:'minecraft:nagi_eyebrow'}
data modify storage ps:ani_data data[-1].parts.part_3 set value {name:'nagi_part',init_pos:[0.8149785485733747, 0.15907999071581713, 0.23537075215371694, 0.1956220923172314, -0.23583773695512883, 0.34639303694084655, 0.8961193796662402, 1.4888407587076362, 0.051870292009193186, -0.9245027963790876, 0.3762587758673362, -0.22983487357265633, 0.0, 0.0, 0.0, 1.0],item_model:'minecraft:nagi_left_arm'}
data modify storage ps:ani_data data[-1].parts.part_4 set value {name:'nagi_part',init_pos:[0.8255784136017116, -0.20891338561944622, -0.11398362688618789, -0.19696943325939623, 0.15862411856984554, 0.37135967218349464, 0.9095417718374491, 1.4835460509889422, -0.1255335493118113, -0.9046807122873727, 0.39967674198615066, -0.24790682851345672, 0.0, 0.0, 0.0, 1.0],item_model:'minecraft:nagi_right_arm'}
#1
data modify storage ps:ani_data data[-1].frames append value {}
data modify storage ps:ani_data data[-1].frames[-1].part_17 set value {interpolation_duration:1,start_interpolation:0,transformation:[1.0, 0.0, 0.0, 0.0, 0.0, 0.9893813863734552, 0.14534260317518624, 0.06217589948518973, 0.0, -0.14534260317518624, 0.9893813863734552, 0.04033251347297962, 0.0, 0.0, 0.0, 1.0]}
data modify storage ps:ani_data data[-1].frames[-1].part_5 set value {interpolation_duration:1,start_interpolation:0,transformation:[0.9690403958015898, -0.1779538824007607, 0.1711523503875843, 0.12559698884577022, 0.22243480430590162, 0.32835591834957134, -0.9179897323599022, 0.8762240060089367, 0.1071609496882769, 0.9276393731527925, 0.3577732860885518, 0.033337187815399856, 0.0, 0.0, 0.0, 1.0]}
data modify storage ps:ani_data data[-1].frames[-1].part_6 set value {interpolation_duration:1,start_interpolation:0,transformation:[0.9622089571690196, 0.2532070387672964, -0.10020039053019994, -0.12611686552392828, -0.16752033025408383, 0.2603035313840642, -0.950883279115028, 0.804436512702499, -0.21468782381697935, 0.931734010899936, 0.29288371623742976, 0.013309795836254704, 0.0, 0.0, 0.0, 1.0]}
data modify storage ps:ani_data data[-1].frames[-1].part_1 set value {interpolation_duration:1,start_interpolation:0,transformation:[0.9879905749760008, -0.0032552505041123225, 0.15447985986123464, 0.0, 0.032907332436297655, 0.981274199310101, -0.18978422811247356, 0.9086504211239103, -0.15096930559063393, 0.1925885487573856, 0.9695967819960037, -0.359475111507478, 0.0, 0.0, 0.0, 1.0]}
data modify storage ps:ani_data data[-1].frames[-1].part_2 set value {interpolation_duration:1,start_interpolation:0,transformation:[0.9993214470830489, -0.032831207445768014, 0.016696024002554627, -0.002441437878084242, 0.03640640855837636, 0.9492107014045695, -0.312527787172478, 1.6446060706064862, -0.005587380040905962, 0.31292356280200134, 0.9497618780660658, -0.21503369993943877, 0.0, 0.0, 0.0, 1.0]}
data modify storage ps:ani_data data[-1].frames[-1].part_10 set value {interpolation_duration:1,start_interpolation:0,transformation:[0.9921797325781782, 0.12333342747643841, 0.019189682853261503, -0.19694345703247945, -0.10650125594457925, 0.9166940517256286, -0.38513568779467555, 1.8758092530958788, -0.06509117254529889, 0.3800800983973835, 0.9226604240233315, 0.06188289933124388, 0.0, 0.0, 0.0, 1.0]}
data modify storage ps:ani_data data[-1].frames[-1].part_12 set value {interpolation_duration:1,start_interpolation:0,transformation:[0.9995665212877091, 0.023595057530675805, 0.017608031716009498, -0.13858976752050992, -0.016233504041310822, 0.9406599172013553, -0.3389622302223064, 1.9967359913063485, -0.024561002978881818, 0.338529457257213, 0.9406351916135224, 0.10064913342893737, 0.0, 0.0, 0.0, 1.0]}
data modify storage ps:ani_data data[-1].frames[-1].part_11 set value {interpolation_duration:1,start_interpolation:0,transformation:[0.9702944373385113, -0.241568321564099, 0.013170075422932692, 0.0487830038075618, 0.23882549569724484, 0.9477456181563881, -0.21151980018506716, 2.003562192911044, 0.03861460183540665, 0.2083818352977761, 0.9772849754513898, 0.09960149967126748, 0.0, 0.0, 0.0, 1.0]}
data modify storage ps:ani_data data[-1].frames[-1].part_14 set value {interpolation_duration:1,start_interpolation:0,transformation:[0.9967384091895155, 0.0785550170351846, 0.018483856333453175, -0.20417786246367947, -0.0664447225505595, 0.9288388183873498, -0.3644770888574079, 2.0530595508662897, -0.045800027200134374, 0.36206015902801786, 0.9310288925447339, -0.07708200745589334, 0.0, 0.0, 0.0, 1.0]}
data modify storage ps:ani_data data[-1].frames[-1].part_13 set value {interpolation_duration:1,start_interpolation:0,transformation:[0.9982687095368137, -0.05651198025873644, 0.01630888245530454, 0.17056768019246396, 0.05879887672024536, 0.951700023454153, -0.30134657365532097, 2.066711954075681, 0.001508527806223001, 0.301783799175172, 0.9533751952401832, -0.07917727497123303, 0.0, 0.0, 0.0, 1.0]}
data modify storage ps:ani_data data[-1].frames[-1].part_15 set value {interpolation_duration:1,start_interpolation:0,transformation:[0.9993214470830489, -0.032680563384478764, 0.01698900163970793, -0.0209790971362464, 0.03640640855837636, 0.9463774552383355, -0.32100511776682433, 2.1380176992641045, -0.005587380040905962, 0.32140580734250157, 0.9469250699980404, -0.3155701107300797, 0.0, 0.0, 0.0, 1.0]}
data modify storage ps:ani_data data[-1].frames[-1].part_16 set value {interpolation_duration:1,start_interpolation:0,transformation:[0.9993214470830489, -0.03151550087335041, 0.019063541238258513, -0.017448094078802365, 0.03640640855837636, 0.9236775520009235, -0.38143722071326724, 2.0497847016244983, -0.005587380040905962, 0.38187243044540814, 0.9241981541044082, -0.2589495618671491, 0.0, 0.0, 0.0, 1.0]}
data modify storage ps:ani_data data[-1].frames[-1].part_7 set value {interpolation_duration:1,start_interpolation:0,transformation:[0.9993214470830489, -0.032831207445768014, 0.016696024002554627, -0.003575113234487377, 0.03640640855837636, 0.9492107014045695, -0.312527787172478, 1.707165094387982, -0.005587380040905962, 0.31292356280200134, 0.9497618780660658, -0.010171443794505835, 0.0, 0.0, 0.0, 1.0]}
data modify storage ps:ani_data data[-1].frames[-1].part_8 set value {interpolation_duration:1,start_interpolation:0,transformation:[0.9993214470830489, -0.032831207445768014, 0.016696024002554627, -0.004217948728847345, 0.03640640855837636, 0.9492107014045695, -0.312527787172478, 1.7267880281390344, -0.005587380040905962, 0.31292356280200134, 0.9497618780660658, 0.0027149620464205705, 0.0, 0.0, 0.0, 1.0]}
data modify storage ps:ani_data data[-1].frames[-1].part_9 set value {interpolation_duration:1,start_interpolation:0,transformation:[0.9993214470830489, -0.032831207445768014, 0.016696024002554627, -0.00466071685579025, 0.03640640855837636, 0.9492107014045695, -0.312527787172478, 1.7407658032414404, -0.005587380040905962, 0.31292356280200134, 0.9497618780660658, 0.014601195896676815, 0.0, 0.0, 0.0, 1.0]}
data modify storage ps:ani_data data[-1].frames[-1].part_3 set value {interpolation_duration:1,start_interpolation:0,transformation:[0.8172094133629396, 0.15756325368466537, 0.22547715018550324, 0.19383439868736538, -0.2277378484041292, 0.3507463294542845, 0.8973250242209022, 1.4783723053250015, 0.05295514248170796, -0.9231201619846945, 0.3794309629579293, -0.21025318749719785, 0.0, 0.0, 0.0, 1.0]}
data modify storage ps:ani_data data[-1].frames[-1].part_4 set value {interpolation_duration:1,start_interpolation:0,transformation:[0.8258339230112287, -0.21330895989548068, -0.10272459175548346, -0.19868678964736547, 0.15183211397844124, 0.3756612055254335, 0.909379681382913, 1.4716165911422099, -0.13208081150841489, -0.901874684361129, 0.4030834322278466, -0.22892305379536507, 0.0, 0.0, 0.0, 1.0]}
#2
data modify storage ps:ani_data data[-1].frames append value {}
data modify storage ps:ani_data data[-1].frames[-1].part_17 set value {interpolation_duration:1,start_interpolation:0,transformation:[1.0, 0.0, 0.0, 0.0, 0.0, 0.9935380032520075, 0.11349993874013276, 0.044505968720572324, 0.0, -0.11349993874013276, 0.9935380032520075, 0.04252810940858397, 0.0, 0.0, 0.0, 1.0]}
data modify storage ps:ani_data data[-1].frames[-1].part_5 set value {interpolation_duration:1,start_interpolation:0,transformation:[0.9670365182416757, -0.1883525816052376, 0.17135833037719442, 0.12702058591918347, 0.2235935939848434, 0.30608993284728236, -0.9253728209421795, 0.8601038507131744, 0.12184529993380301, 0.9331839357876819, 0.33811457358690283, 0.06881074808441884, 0.0, 0.0, 0.0, 1.0]}
data modify storage ps:ani_data data[-1].frames[-1].part_6 set value {interpolation_duration:1,start_interpolation:0,transformation:[0.9601837672703075, 0.2595165292926508, -0.10343260653438441, -0.12878017573906156, -0.1647770790272322, 0.22710990607403514, -0.9598279037360272, 0.7887639999524596, -0.2256006367407976, 0.9386544953213295, 0.26082962085470085, 0.04734160402920165, 0.0, 0.0, 0.0, 1.0]}
data modify storage ps:ani_data data[-1].frames[-1].part_1 set value {interpolation_duration:1,start_interpolation:0,transformation:[0.9882963090617461, -0.011290891046642652, 0.1521279766325132, 0.0, 0.03788965953189232, 0.984174415608399, -0.17310428464490318, 0.8935973181688884, -0.14776596088235924, 0.1768424028372133, 0.9730837504363506, -0.32889672559624267, 0.0, 0.0, 0.0, 1.0]}
data modify storage ps:ani_data data[-1].frames[-1].part_2 set value {interpolation_duration:1,start_interpolation:0,transformation:[0.9992018742959735, -0.036774667746173106, 0.015596096164497947, -0.00846816828498199, 0.03958632284205102, 0.96384629464638, -0.2635018848894417, 1.631728129875188, -0.005342045231800407, 0.26390896935989555, 0.9645327980137011, -0.19626492346833269, 0.0, 0.0, 0.0, 1.0]}
data modify storage ps:ani_data data[-1].frames[-1].part_10 set value {interpolation_duration:1,start_interpolation:0,transformation:[0.9876771610765382, 0.15534326558986897, 0.019034056941847455, -0.20438633535531275, -0.13862806655425794, 0.9248100251364838, -0.35427203752269915, 1.8761010580025266, -0.07263666189479194, 0.3472677457566883, 0.9349486767228723, 0.06805816256516625, 0.0, 0.0, 0.0, 1.0]}
data modify storage ps:ani_data data[-1].frames[-1].part_12 set value {interpolation_duration:1,start_interpolation:0,transformation:[0.9989231806882826, 0.0431515545126738, 0.017041784728844267, -0.14653305168008607, -0.036014658113620444, 0.9527835743943027, -0.3015068900794397, 1.9990559900109524, -0.029247623571216193, 0.3005684675869311, 0.9533116871243531, 0.10071290590816567, 0.0, 0.0, 0.0, 1.0]}
data modify storage ps:ani_data data[-1].frames[-1].part_11 set value {interpolation_duration:1,start_interpolation:0,transformation:[0.9631085255069888, -0.26888019112894873, 0.01119870145214824, 0.040817299750408986, 0.2674951200834757, 0.9519315264483317, -0.1492405095316831, 2.006478425543837, 0.02946741975947801, 0.14673040507069243, 0.9887375078353756, 0.09971127242720305, 0.0, 0.0, 0.0, 1.0]}
data modify storage ps:ani_data data[-1].frames[-1].part_14 set value {interpolation_duration:1,start_interpolation:0,transformation:[0.9954729278059454, 0.09333755085708222, 0.017937435866384438, -0.21190743685442773, -0.08246950741402548, 0.9420525979577251, -0.32517023699592945, 2.0459884482500947, -0.04724860159144462, 0.3222188763575196, 0.9454853596785887, -0.07980311589241577, 0.0, 0.0, 0.0, 1.0]}
data modify storage ps:ani_data data[-1].frames[-1].part_13 set value {interpolation_duration:1,start_interpolation:0,transformation:[0.9966924949075933, -0.07990564498791261, 0.014804002632501867, 0.1627932660065623, 0.08110598134393356, 0.9666861806202733, -0.24277489159306825, 2.0608333193158637, 0.0050882595369089794, 0.2431726055641429, 0.969969686906777, -0.08180638285434098, 0.0, 0.0, 0.0, 1.0]}
data modify storage ps:ani_data data[-1].frames[-1].part_15 set value {interpolation_duration:1,start_interpolation:0,transformation:[0.9992018742959735, -0.03605362464292426, 0.017197399615081793, -0.02845610946505721, 0.03958632284205102, 0.9513329779544031, -0.30561166224516434, 2.1192863550053396, -0.005342045231800407, 0.30604852753528267, 0.9520009250763504, -0.3219379488768037, 0.0, 0.0, 0.0, 1.0]}
data modify storage ps:ani_data data[-1].frames[-1].part_16 set value {interpolation_duration:1,start_interpolation:0,transformation:[0.9992018742959735, -0.03421815503320944, 0.020609033687607387, -0.024687355957236673, 0.03958632284205102, 0.9172543199263783, -0.3963299580150896, 2.0319914148734135, -0.005342045231800407, 0.3968294727493423, 0.9178768066087195, -0.263896529761117, 0.0, 0.0, 0.0, 1.0]}
data modify storage ps:ani_data data[-1].frames[-1].part_7 set value {interpolation_duration:1,start_interpolation:0,transformation:[0.9992018742959735, -0.036774667746173106, 0.015596096164497947, -0.010152111370695724, 0.03958632284205102, 0.96384629464638, -0.2635018848894417, 1.7012847125962334, -0.005342045231800407, 0.26390896935989555, 0.9645327980137011, 0.004199543877875272, 0.0, 0.0, 0.0, 1.0]}
data modify storage ps:ani_data data[-1].frames[-1].part_8 set value {interpolation_duration:1,start_interpolation:0,transformation:[0.9992018742959735, -0.036774667746173106, 0.015596096164497947, -0.011020424832416333, 0.03958632284205102, 0.96384629464638, -0.2635018848894417, 1.724928258224652, -0.005342045231800407, 0.26390896935989555, 0.9645327980137011, 0.01699250780541214, 0.0, 0.0, 0.0, 1.0]}
data modify storage ps:ani_data data[-1].frames[-1].part_9 set value {interpolation_duration:1,start_interpolation:0,transformation:[0.9992018742959735, -0.036774667746173106, 0.015596096164497947, -0.011427871642695049, 0.03958632284205102, 0.96384629464638, -0.2635018848894417, 1.7366114916018105, -0.005342045231800407, 0.26390896935989555, 0.9645327980137011, 0.02735831891296237, 0.0, 0.0, 0.0, 1.0]}
data modify storage ps:ani_data data[-1].frames[-1].part_3 set value {interpolation_duration:1,start_interpolation:0,transformation:[0.8227036026593304, 0.15241435734293715, 0.19991350613121558, 0.18930226881481088, -0.2064027625470523, 0.3610795351796623, 0.9003647729937382, 1.4528968981727475, 0.05528726602305465, -0.9199953439828805, 0.38649432805444756, -0.16113721303702966, 0.0, 0.0, 0.0, 1.0]}
data modify storage ps:ani_data data[-1].frames[-1].part_4 set value {interpolation_duration:1,start_interpolation:0,transformation:[0.8263554284310076, -0.22247058269578954, -0.07326208046293992, -0.20302467307745023, 0.1328663036649769, 0.38330843154024, 0.9102970938349123, 1.4425419619991118, -0.14826749897739558, -0.8964270668298437, 0.40742099666310094, -0.1814891798530136, 0.0, 0.0, 0.0, 1.0]}
#3
data modify storage ps:ani_data data[-1].frames append value {}
data modify storage ps:ani_data data[-1].frames[-1].part_17 set value {interpolation_duration:1,start_interpolation:0,transformation:[1.0, 0.0, 0.0, 0.0, 0.0, 0.9975186414915247, 0.07040283997753782, 0.02310077892125799, 0.0, -0.07040283997753782, 0.9975186414915247, 0.045417563564897845, 0.0, 0.0, 0.0, 1.0]}
data modify storage ps:ani_data data[-1].frames[-1].part_5 set value {interpolation_duration:1,start_interpolation:0,transformation:[0.9644714442046425, -0.20107503767506668, 0.17135828704145514, 0.1287197015505075, 0.22343137917719114, 0.27471217266461045, -0.9352067370313729, 0.8384077059151366, 0.14097252254531542, 0.940267010701673, 0.30987851889627777, 0.1167219234917932, 0.0, 0.0, 0.0, 1.0]}
data modify storage ps:ani_data data[-1].frames[-1].part_6 set value {interpolation_duration:1,start_interpolation:0,transformation:[0.957584745099667, 0.2673037150233266, -0.10761124424117656, -0.1319589347447597, -0.15978471531055047, 0.18179990344149854, -0.9702667879824539, 0.7677455120977027, -0.23979220317919483, 0.9463073068741411, 0.21679986220262615, 0.09315634007259757, 0.0, 0.0, 0.0, 1.0]}
data modify storage ps:ani_data data[-1].frames[-1].part_1 set value {interpolation_duration:1,start_interpolation:0,transformation:[0.9887444154300684, -0.02143766019690207, 0.14807061721062165, 0.0, 0.04420005563857736, 0.9873614129960511, -0.15219656766165401, 0.8746257656099264, -0.1429364755316114, 0.1570282358422329, 0.9771956288844507, -0.28801345752951985, 0.0, 0.0, 0.0, 1.0]}
data modify storage ps:ani_data data[-1].frames[-1].part_2 set value {interpolation_duration:1,start_interpolation:0,transformation:[0.9991179880797957, -0.04013779261435477, 0.012337078237088656, -0.01607824514767655, 0.041774787051000566, 0.9798830387124275, -0.19515147350338627, 1.6151468253569647, -0.004255944339926683, 0.19549472639369678, 0.9806955179310392, -0.17024228064784525, 0.0, 0.0, 0.0, 1.0]}
data modify storage ps:ani_data data[-1].frames[-1].part_10 set value {interpolation_duration:1,start_interpolation:0,transformation:[0.9833239339093767, 0.18109599185057396, 0.016681808554366573, -0.21364272593516997, -0.16771661578168498, 0.9384824004779629, -0.30186407667004533, 1.8769366011006507, -0.0703219581050353, 0.29403235490125434, 0.9532050128275116, 0.07552822052599113, 0.0, 0.0, 0.0, 1.0]}
data modify storage ps:ani_data data[-1].frames[-1].part_12 set value {interpolation_duration:1,start_interpolation:0,transformation:[0.9979275704404389, 0.06272171103633602, 0.014371886428614894, -0.1562150757569771, -0.05730252096414009, 0.9678368770366839, -0.24496571298660075, 2.002032905130392, -0.029274310341952155, 0.2436344934785584, 0.969425215445446, 0.09969906480395788, 0.0, 0.0, 0.0, 1.0]}
data modify storage ps:ani_data data[-1].frames[-1].part_11 set value {interpolation_duration:1,start_interpolation:0,transformation:[0.9585332629354445, -0.28488747415004284, 0.007287723837977794, 0.031119547007984593, 0.284649100261627, 0.9558716715048725, -0.07269275985080809, 2.0098656777024546, 0.013743127976418662, 0.07175287232501333, 0.9973277554277401, 0.0989010752402216, 0.0, 0.0, 0.0, 1.0]}
data modify storage ps:ani_data data[-1].frames[-1].part_14 set value {interpolation_duration:1,start_interpolation:0,transformation:[0.9945455738957809, 0.10319468262763498, 0.015164396515954248, -0.22097315218141844, -0.09554246582525011, 0.9596567148018675, -0.26444399588517375, 2.0360128822215895, -0.04184182917060762, 0.26155276181502757, 0.9642818126038619, -0.08391534828686659, 0.0, 0.0, 0.0, 1.0]}
data modify storage ps:ani_data data[-1].frames[-1].part_13 set value {interpolation_duration:1,start_interpolation:0,transformation:[0.9943336920343794, -0.10573130580879049, 0.011018160338630567, 0.15369609334850493, 0.1061093613185491, 0.9809019944756849, -0.16300944964692354, 2.0516784273657147, 0.006427466518725899, 0.16325491786035523, 0.9865629830216414, -0.08551132741433903, 0.0, 0.0, 0.0, 1.0]}
data modify storage ps:ani_data data[-1].frames[-1].part_15 set value {interpolation_duration:1,start_interpolation:0,transformation:[0.9991179880797957, -0.039048912656523126, 0.015441124172942411, -0.036722798975728915, 0.041774787051000566, 0.9616003017460412, -0.27125583283823856, 2.092633523169498, -0.004255944339926683, 0.27166163163440304, 0.9623834188282286, -0.32988721733336257, 0.0, 0.0, 0.0, 1.0]}
data modify storage ps:ani_data data[-1].frames[-1].part_16 set value {interpolation_duration:1,start_interpolation:0,transformation:[0.9991179880797957, -0.036847172149824636, 0.020137820138788246, -0.032902109109796886, 0.041774787051000566, 0.9208191268898962, -0.38774605442295973, 2.007484037184654, -0.004255944339926683, 0.3882453109289157, 0.9215462362136176, -0.26874489341557917, 0.0, 0.0, 0.0, 1.0]}
data modify storage ps:ani_data data[-1].frames[-1].part_7 set value {interpolation_duration:1,start_interpolation:0,transformation:[0.9991179880797957, -0.04013779261435477, 0.012337078237088656, -0.01856763407606057, 0.041774787051000566, 0.9798830387124275, -0.19515147350338627, 1.6944760569806898, -0.004255944339926683, 0.19549472639369678, 0.9806955179310392, 0.024019775970047733, 0.0, 0.0, 0.0, 1.0]}
data modify storage ps:ani_data data[-1].frames[-1].part_8 set value {interpolation_duration:1,start_interpolation:0,transformation:[0.9991179880797957, -0.04013779261435477, 0.012337078237088656, -0.01971240110169498, 0.041774787051000566, 0.9798830387124275, -0.19515147350338627, 1.7230695628201116, -0.004255944339926683, 0.19549472639369678, 0.9806955179310392, 0.03593964285729401, 0.0, 0.0, 0.0, 1.0]}
data modify storage ps:ani_data data[-1].frames[-1].part_9 set value {interpolation_duration:1,start_interpolation:0,transformation:[0.9991179880797957, -0.04013779261435477, 0.012337078237088656, -0.020046241860678236, 0.041774787051000566, 0.9798830387124275, -0.19515147350338627, 1.731952645513732, -0.004255944339926683, 0.19549472639369678, 0.9806955179310392, 0.04476085324668462, 0.0, 0.0, 0.0, 1.0]}
data modify storage ps:ani_data data[-1].frames[-1].part_3 set value {interpolation_duration:1,start_interpolation:0,transformation:[0.8294747024393029, 0.14284060081429195, 0.1652521805984674, 0.18325444741409885, -0.17658214336297415, 0.3731907508901575, 0.9041964495398902, 1.4210891255985334, 0.0573625719312521, -0.9166925472638318, 0.3938533958808895, -0.09704070432238043, 0.0, 0.0, 0.0, 1.0]}
data modify storage ps:ani_data data[-1].frames[-1].part_4 set value {interpolation_duration:1,start_interpolation:0,transformation:[0.8265383737010893, -0.23082340570904578, -0.03409569393815242, -0.20877983141310597, 0.10531126209818972, 0.3869691934413033, 0.9137312093916705, 1.406183751389457, -0.1680590815006579, -0.892734786319131, 0.4048861082310814, -0.11999488281444066, 0.0, 0.0, 0.0, 1.0]}
#4
data modify storage ps:ani_data data[-1].frames append value {}
data modify storage ps:ani_data data[-1].frames[-1].part_17 set value {interpolation_duration:1,start_interpolation:0,transformation:[1.0, 0.0, 0.0, 0.0, 0.0, 0.9997027185966156, 0.024381846331562845, 0.0045996748099840015, 0.0, -0.024381846331562845, 0.9997027185966156, 0.04839984998445968, 0.0, 0.0, 0.0, 1.0]}
data modify storage ps:ani_data data[-1].frames[-1].part_5 set value {interpolation_duration:1,start_interpolation:0,transformation:[0.962074434772185, -0.21241391463118264, 0.17115230301937917, 0.13014329862392077, 0.22096279721707435, 0.23890311164954087, -0.9455690062021773, 0.8164211725565236, 0.15996319640400672, 0.9475260588053628, 0.2767781488502833, 0.16768523259851756, 0.0, 0.0, 0.0, 1.0]}
data modify storage ps:ani_data data[-1].frames[-1].part_6 set value {interpolation_duration:1,start_interpolation:0,transformation:[0.9551127906309026, 0.2743602776216241, -0.11174075011666552, -0.134622244959893, -0.15273423646324896, 0.1328586770758753, -0.9792960864506897, 0.7466249182266236, -0.25383421791641514, 0.9524048561347395, 0.16879922933985297, 0.14162146094300995, 0.0, 0.0, 0.0, 1.0]}
data modify storage ps:ani_data data[-1].frames[-1].part_1 set value {interpolation_duration:1,start_interpolation:0,transformation:[0.9892845583134902, -0.031194064937645028, 0.1426288645231, 0.0, 0.05035174422024637, 0.9898696040462404, -0.13275115381539274, 0.8575500567722008, -0.1370429295383812, 0.1385102786727583, 0.9808333896057644, -0.24485819833973269, 0.0, 0.0, 0.0, 1.0]}
data modify storage ps:ani_data data[-1].frames[-1].part_2 set value {interpolation_duration:1,start_interpolation:0,transformation:[0.9991093575805182, -0.04163074895177972, 0.006882756479652974, -0.023395548703233772, 0.04217522233474059, 0.9903484404674192, -0.13202733461206437, 1.5999522598068812, -0.0013199303237338778, 0.132200027252133, 0.9912221802292743, -0.14097548933516393, 0.0, 0.0, 0.0, 1.0]}
data modify storage ps:ani_data data[-1].frames[-1].part_10 set value {interpolation_duration:1,start_interpolation:0,transformation:[0.979931225501621, 0.1989842819995822, 0.011834221731997108, -0.22244764545707718, -0.18977576575653163, 0.9494534198386463, -0.2500467202108866, 1.8767731680254236, -0.06099140938208715, 0.24278274047759268, 0.968161447749174, 0.08643866490981665, 0.0, 0.0, 0.0, 1.0]}
data modify storage ps:ani_data data[-1].frames[-1].part_12 set value {interpolation_duration:1,start_interpolation:0,transformation:[0.9966483446549774, 0.08126115938172196, 0.009418124677019107, -0.16520715422726728, -0.0779401819182574, 0.9782164590924906, -0.19240033056910089, 2.0032026744797724, -0.024847638500316956, 0.1910214206221092, 0.9812713242138835, 0.10288117267109996, 0.0, 0.0, 0.0, 1.0]}
data modify storage ps:ani_data data[-1].frames[-1].part_11 set value {interpolation_duration:1,start_interpolation:0,transformation:[0.9578557598447321, -0.2872448440377567, 0.0016561720913551847, 0.022125850319079918, 0.28724878017739724, 0.9578231139985652, -0.007938550036950848, 2.0111105286675364, 0.0006939876573905171, 0.008079719290714549, 0.9999671177180353, 0.10263368573539981, 0.0, 0.0, 0.0, 1.0]}
data modify storage ps:ani_data data[-1].frames[-1].part_14 set value {interpolation_duration:1,start_interpolation:0,transformation:[0.9940915492386923, 0.10808614437078175, 0.009968807715826922, -0.2289420059159846, -0.1037466541459108, 0.9731363357472321, -0.2055293258928738, 2.025321848323613, -0.031915881403235175, 0.20328073554449, 0.9786001834614307, -0.08289049047665561, 0.0, 0.0, 0.0, 1.0]}
data modify storage ps:ani_data data[-1].frames[-1].part_13 set value {interpolation_duration:1,start_interpolation:0,transformation:[0.9914497601859172, -0.13039211129598607, 0.005026961215531284, 0.14572400317670975, 0.1303270602783719, 0.9875659227094907, -0.08791135115643192, 2.041137556699141, 0.006498491092928967, 0.08781483709901794, 0.996115617786805, -0.08338546434805594, 0.0, 0.0, 0.0, 1.0]}
data modify storage ps:ani_data data[-1].frames[-1].part_15 set value {interpolation_duration:1,start_interpolation:0,transformation:[0.9991093575805182, -0.04063780398662474, 0.01136047895948844, -0.04332969048955063, 0.04217522233474059, 0.9701685670798187, -0.23873458499200884, 2.0662365361643933, -0.0013199303237338778, 0.23900108856956315, 0.971018402218261, -0.33094352246967434, 0.0, 0.0, 0.0, 1.0]}
data modify storage ps:ani_data data[-1].frames[-1].part_16 set value {interpolation_duration:1,start_interpolation:0,transformation:[0.9991093575805182, -0.0386249739902572, 0.01698831890730415, -0.039739664429698694, 0.04217522233474059, 0.9267043978514043, -0.37341693805166554, 1.9831932217230275, -0.0013199303237338778, 0.3738008432134927, 0.9275080524700703, -0.26695652341452225, 0.0, 0.0, 0.0, 1.0]}
data modify storage ps:ani_data data[-1].frames[-1].part_7 set value {interpolation_duration:1,start_interpolation:0,transformation:[0.9991093575805182, -0.04163074895177972, 0.006882756479652974, -0.026865929027280057, 0.04217522233474059, 0.9903484404674192, -0.13202733461206437, 1.6880571736207048, -0.0013199303237338778, 0.132200027252133, 0.9912221802292743, 0.04733359660211054, 0.0, 0.0, 0.0, 1.0]}
data modify storage ps:ani_data data[-1].frames[-1].part_8 set value {interpolation_duration:1,start_interpolation:0,transformation:[0.9991093575805182, -0.04163074895177972, 0.006882756479652974, -0.02823573586637433, 0.04217522233474059, 0.9903484404674192, -0.13202733461206437, 1.7208365934419683, -0.0013199303237338778, 0.132200027252133, 0.9912221802292743, 0.057858764255969496, 0.0, 0.0, 0.0, 1.0]}
data modify storage ps:ani_data data[-1].frames[-1].part_9 set value {interpolation_duration:1,start_interpolation:0,transformation:[0.9991093575805182, -0.04163074895177972, 0.006882756479652974, -0.028498380298847336, 0.04217522233474059, 0.9903484404674192, -0.13202733461206437, 1.7273037968280194, -0.0013199303237338778, 0.132200027252133, 0.9912221802292743, 0.06569647379597818, 0.0, 0.0, 0.0, 1.0]}
data modify storage ps:ani_data data[-1].frames[-1].part_3 set value {interpolation_duration:1,start_interpolation:0,transformation:[0.8355852462014737, 0.12897645641675562, 0.13036314502203164, 0.176800677512981, -0.1451247924060492, 0.3842684437886387, 0.907296702213503, 1.3915834654818957, 0.05688665009933268, -0.914167838418326, 0.399772616086278, -0.03277479764445183, 0.0, 0.0, 0.0, 1.0]}
data modify storage ps:ani_data data[-1].frames[-1].part_4 set value {interpolation_duration:1,start_interpolation:0,transformation:[0.8261824007616706, -0.23506586837751914, 0.0005362728180091786, -0.21490274517135485, 0.07873902980231058, 0.38512985976427394, 0.9182014511369007, 1.3723023043814089, -0.18363770271236063, -0.8924231219785118, 0.3961133771302786, -0.05906886479173409, 0.0, 0.0, 0.0, 1.0]}
#5
data modify storage ps:ani_data data[-1].frames append value {}
data modify storage ps:ani_data data[-1].frames[-1].part_17 set value {interpolation_duration:1,start_interpolation:0,transformation:[1.0, 0.0, 0.0, 0.0, 0.0, 0.999870279711203, -0.016106636838292138, -0.004263665216475563, 0.0, 0.016106636838292138, 0.999870279711203, 0.05093602758012848, 0.0, 0.0, 0.0, 1.0]}
data modify storage ps:ani_data data[-1].frames[-1].part_5 set value {interpolation_duration:1,start_interpolation:0,transformation:[0.9606816336418039, -0.21873809492904323, 0.17101007166283436, 0.130740287469691, 0.21628127360243837, 0.2033292083079172, -0.9549238942124041, 0.8013030645545095, 0.1741068909383602, 0.9543641227936476, 0.24264358976096906, 0.21227962104856338, 0.0, 0.0, 0.0, 1.0]}
data modify storage ps:ani_data data[-1].frames[-1].part_6 set value {interpolation_duration:1,start_interpolation:0,transformation:[0.953541023217979, 0.2785163486690312, -0.11483971684256376, -0.13573911048382126, -0.1446945205071002, 0.08905076755846802, -0.9854610375516974, 0.7325091097886427, -0.26424044500346633, 0.9562942038522028, 0.12521334954010183, 0.18356684931434056, 0.0, 0.0, 0.0, 1.0]}
data modify storage ps:ani_data data[-1].frames[-1].part_1 set value {interpolation_duration:1,start_interpolation:0,transformation:[0.9898668129498003, -0.03848941406419695, 0.13668305537117534, 0.0, 0.05517586149532612, 0.9911819521236123, -0.12047390627299323, 0.8495203424049528, -0.13084080758254882, 0.12679472697797875, 0.9832618065814038, -0.20699808587607585, 0.0, 0.0, 0.0, 1.0]}
data modify storage ps:ani_data data[-1].frames[-1].part_2 set value {interpolation_duration:1,start_interpolation:0,transformation:[0.9991369307026312, -0.041526608559162126, 0.0009666890397018457, -0.028867060548147718, 0.04140748513183202, 0.9938887899686857, -0.10232542865602266, 1.592906806497662, 0.003288446621501907, 0.10227714288224812, 0.9947505074955536, -0.11190204064259174, 0.0, 0.0, 0.0, 1.0]}
data modify storage ps:ani_data data[-1].frames[-1].part_10 set value {interpolation_duration:1,start_interpolation:0,transformation:[0.978305180294937, 0.2070782385916137, 0.006130033432657167, -0.22900104603468513, -0.20040721920209467, 0.9534581798716301, -0.22528747352563128, 1.8765471320276534, -0.05249686371369601, 0.2191713994518289, 0.9742730505164106, 0.1059587029219955, 0.0, 0.0, 0.0, 1.0]}
data modify storage ps:ani_data data[-1].frames[-1].part_12 set value {interpolation_duration:1,start_interpolation:0,transformation:[0.9953172976169127, 0.0965857660756397, 0.003829733169274846, -0.17174581393566596, -0.09451899299679782, 0.9807860457352275, -0.17066016657066585, 2.0033711985944787, -0.02023949177813809, 0.16949903327936103, 0.985322505928858, 0.11894887369612044, 0.0, 0.0, 0.0, 1.0]}
data modify storage ps:ani_data data[-1].frames[-1].part_11 set value {interpolation_duration:1,start_interpolation:0,transformation:[0.9610420988733935, -0.27637332205391224, -0.0039838486300002585, 0.015592360571077397, 0.27640089413522817, 0.9608969212461786, 0.016722812588247954, 2.011135102056697, -0.0007936713858209127, -0.01717246623230767, 0.9998522273262342, 0.11956545743765197, 0.0, 0.0, 0.0, 1.0]}
data modify storage ps:ani_data data[-1].frames[-1].part_14 set value {interpolation_duration:1,start_interpolation:0,transformation:[0.9942249712342307, 0.1072394433789954, 0.004050723152261376, -0.23437312629952448, -0.1048593499980881, 0.9788038798432478, -0.17591896293971088, 2.0199692486467438, -0.02283031520306902, 0.17447826967152144, 0.9843963176079847, -0.06777237437313971, 0.0, 0.0, 0.0, 1.0]}
data modify storage ps:ani_data data[-1].frames[-1].part_13 set value {interpolation_duration:1,start_interpolation:0,transformation:[0.9883957560666069, -0.1518948340803429, -0.0013374487748255282, 0.1403032227139622, 0.1516644963211001, 0.9873112641396521, -0.0470568619717561, 2.035497055571181, 0.008468172482136566, 0.04630795917190668, 0.9988913168969615, -0.06653920689007656, 0.0, 0.0, 0.0, 1.0]}
data modify storage ps:ani_data data[-1].frames[-1].part_15 set value {interpolation_duration:1,start_interpolation:0,transformation:[0.9991369307026312, -0.04103705741419567, 0.006430678417505026, -0.047276624052706606, 0.04140748513183202, 0.9717363828503284, -0.23240873998199194, 2.0533145092729677, 0.003288446621501907, 0.2324744333550338, 0.9725969483578865, -0.3158434175054966, 0.0, 0.0, 0.0, 1.0]}
data modify storage ps:ani_data data[-1].frames[-1].part_16 set value {interpolation_duration:1,start_interpolation:0,transformation:[0.9991369307026312, -0.039618785481339146, 0.012479805411503259, -0.04406471624146221, 0.04140748513183202, 0.9261997500309888, -0.3747525092879176, 1.9706873407290122, 0.003288446621501907, 0.3749458292600643, 0.9270408897342661, -0.2513000129220472, 0.0, 0.0, 0.0, 1.0]}
data modify storage ps:ani_data data[-1].frames[-1].part_7 set value {interpolation_duration:1,start_interpolation:0,transformation:[0.9991369307026312, -0.041526608559162126, 0.0009666890397018457, -0.0332998125274362, 0.04140748513183202, 0.9938887899686857, -0.10232542865602266, 1.6851412671256405, 0.003288446621501907, 0.10227714288224812, 0.9947505074955536, 0.07351351272840613, 0.0, 0.0, 0.0, 1.0]}
data modify storage ps:ani_data data[-1].frames[-1].part_8 set value {interpolation_duration:1,start_interpolation:0,transformation:[0.9991369307026312, -0.041526608559162126, 0.0009666890397018457, -0.03476339548253129, 0.04140748513183202, 0.9938887899686857, -0.10232542865602266, 1.719687640604741, 0.003288446621501907, 0.10227714288224812, 0.9947505074955536, 0.08319630191513294, 0.0, 0.0, 0.0, 1.0]}
