#0
data modify storage ps:ani_data data append value {ani_tag:'nagi',height:2.4,width:0.8}
data modify storage ps:ani_data data[-1].parts.part_5 set value {name:'nagi_part',init_pos:[0.9990259289943637, -0.04412701210084996, 0.0, 0.125, 0.04412701210084996, 0.9990259289943637, 0.0, 0.7157552372930754, 0.0, 0.0, 1.0, 0.6122421912266325, 0.0, 0.0, 0.0, 1.0],item_model:'minecraft:nagi_left_leg'}
data modify storage ps:ani_data data[-1].parts.part_6 set value {name:'nagi_part',init_pos:[0.9854387344358603, -0.12278712373684281, 0.11761727304219989, -0.12891285220646947, 0.12248570431407678, 0.9924217406541246, 0.009815340835762182, 0.7075472470591703, -0.11793113631325146, 0.0047340174768248245, 0.9930104914684409, 0.5760710245350715, 0.0, 0.0, 0.0, 1.0],item_model:'minecraft:nagi_right_leg'}
data modify storage ps:ani_data data[-1].parts.part_1 set value {name:'nagi_part',init_pos:[0.9945218953682733, 0.01815117716075267, 0.10294044103643693, 0.0, 0.0, 0.9848077530122081, -0.17364817766693014, 0.5894065904391745, -0.10452846326765346, 0.172696914780562, 0.9794128730990715, 0.3110872198203886, 0.0, 0.0, 0.0, 1.0],item_model:'minecraft:nagi_body'}
data modify storage ps:ani_data data[-1].parts.part_2 set value {name:'nagi_part',init_pos:[0.9626213949874208, 0.093942959196669, 0.25403694678106314, 0.013613382870564501, -0.02346191499937927, 0.96331894056634, -0.26733154937400516, 1.3280124051983309, -0.26983251927266594, 0.2513788757304743, 0.929515504109237, 0.44060990590581006, 0.0, 0.0, 0.0, 1.0],item_model:'minecraft:nagi_head'}
data modify storage ps:ani_data data[-1].parts.part_10 set value {name:'nagi_part',init_pos:[0.9497743163279901, 0.18823128891178198, 0.24999545979538879, -0.0898890264191685, -0.10152350075599498, 0.9410021870475189, -0.3228124265979146, 1.5833240176800698, -0.2960096735546764, 0.2812185375226814, 0.9128496082683378, 0.7440435589556901, 0.0, 0.0, 0.0, 1.0],item_model:'minecraft:nagi_hair_ahoge'}
data modify storage ps:ani_data data[-1].parts.part_12 set value {name:'nagi_part',init_pos:[0.9440742543128623, 0.21388706469368854, 0.2509504451088523, -0.017982319332871075, -0.13949247194291337, 0.9486829571142598, -0.2838001006909605, 1.7022725155634009, -0.29877358085156847, 0.2329226705103255, 0.9254627906877022, 0.7586013859674577, 0.0, 0.0, 0.0, 1.0],item_model:'minecraft:nagi_hair_front_right'}
data modify storage ps:ani_data data[-1].parts.part_11 set value {name:'nagi_part',init_pos:[0.9601025212893555, -0.09950452018671682, 0.2613465115057666, 0.16250919222727034, 0.15003785333414532, 0.9719460789229006, -0.18113382410052511, 1.6978734065010173, -0.23599108284150067, 0.21311891077238945, 0.9480973255370392, 0.708007788603833, 0.0, 0.0, 0.0, 1.0],item_model:'minecraft:nagi_hair_front_left'}
data modify storage ps:ani_data data[-1].parts.part_14 set value {name:'nagi_part',init_pos:[0.9359846501022132, 0.25095930429770974, 0.24688491723766157, -0.12577808404103422, -0.16926276849234204, 0.935725802135405, -0.3094629839259624, 1.7538635507584883, -0.3086792023692968, 0.2478641781388793, 0.9183030541276624, 0.6011817614015175, 0.0, 0.0, 0.0, 1.0],item_model:'minecraft:nagi_hair_right'}
data modify storage ps:ani_data data[-1].parts.part_13 set value {name:'nagi_part',init_pos:[0.9598231617437643, 0.11792974031921827, 0.25462143375695134, 0.23520493907924858, -0.048647391824476666, 0.9635923192613711, -0.26291305317379715, 1.7450653326337209, -0.27635652597483507, 0.23996336930609594, 0.9306152007905237, 0.4999945666742677, 0.0, 0.0, 0.0, 1.0],item_model:'minecraft:nagi_hair_left'}
data modify storage ps:ani_data data[-1].parts.part_15 set value {name:'nagi_part',init_pos:[0.9626213949874208, 0.08800303078062578, 0.2561552585560093, -0.008795809176158614, -0.02346191499937927, 0.9692818109363319, -0.24483118578430094, 1.8162973290396058, -0.26983251927266594, 0.22966984469322305, 0.9351161286073282, 0.3182092880105833, 0.0, 0.0, 0.0, 1.0],item_model:'minecraft:nagi_hair_back'}
data modify storage ps:ani_data data[-1].parts.part_16 set value {name:'nagi_part',init_pos:[0.9626213949874208, 0.09553088655690273, 0.25344407593416723, 0.006451510871380692, -0.02346191499937927, 0.9616271125471785, -0.27335477855478996, 1.7328121122169722, -0.26983251927266594, 0.2571908748922258, 0.9279241700781039, 0.3798627892254185, 0.0, 0.0, 0.0, 1.0],item_model:'minecraft:nagi_hair_back_bottom'}
data modify storage ps:ani_data data[-1].parts.part_7 set value {name:'nagi_part',init_pos:[0.9626213949874208, 0.093942959196669, 0.25403694678106314, 0.08054168218416509, -0.02346191499937927, 0.96331894056634, -0.26733154937400516, 1.38669477077291, -0.26983251927266594, 0.2513788757304743, 0.929515504109237, 0.6274657314743702, 0.0, 0.0, 0.0, 1.0],item_model:'minecraft:nagi_eye'}
data modify storage ps:ani_data data[-1].parts.part_8 set value {name:'nagi_part',init_pos:[0.9626213949874208, 0.093942959196669, 0.25403694678106314, 0.07335327997627368, -0.02346191499937927, 0.96331894056634, -0.26733154937400516, 1.4204418964605554, -0.26983251927266594, 0.2513788757304743, 0.929515504109237, 0.6456938978947563, 0.0, 0.0, 0.0, 1.0],item_model:'minecraft:nagi_eyelid'}
data modify storage ps:ani_data data[-1].parts.part_9 set value {name:'nagi_part',init_pos:[0.9626213949874208, 0.093942959196669, 0.25403694678106314, 0.0768245168423928, -0.02346191499937927, 0.96331894056634, -0.26733154937400516, 1.4361800305097598, -0.26983251927266594, 0.2513788757304743, 0.929515504109237, 0.6567090272761064, 0.0, 0.0, 0.0, 1.0],item_model:'minecraft:nagi_eyebrow'}
data modify storage ps:ani_data data[-1].parts.part_3 set value {name:'nagi_part',init_pos:[0.7852890544514234, -0.21763180006372643, 0.31480405213320367, 0.2203649660089612, 0.2506586532097713, 0.9291174419468148, -0.223112467020988, 1.130042342137682, -0.20734353264534883, 0.2989601623481453, 0.9225612368945075, 0.39705385382317915, 0.0, 0.0, 0.0, 1.0],item_model:'minecraft:nagi_left_arm'}
data modify storage ps:ani_data data[-1].parts.part_4 set value {name:'nagi_part',init_pos:[0.7651112170759572, -0.3484080917970142, 0.2614885579456947, -0.21155863068778266, 0.10433430702160312, 0.7788014032569911, 0.6151436693798618, 1.1509550374592552, -0.35527338470939424, -0.5216130518452399, 0.7437889486173886, 0.4324386479363956, 0.0, 0.0, 0.0, 1.0],item_model:'minecraft:nagi_right_arm'}
#1
data modify storage ps:ani_data data[-1].frames append value {}
data modify storage ps:ani_data data[-1].frames[-1].part_5 set value {interpolation_duration:1,start_interpolation:0,transformation:[0.9990045942370118, -0.04460731389754953, 9.077548703567325e-05, 0.125, 0.04460737345721532, 0.9990042589989786, -0.0008202043345068737, 0.7157552372930754, -5.409798595186531e-05, 0.0008234371544364386, 0.9999996595122723, 0.6122421912266325, 0.0, 0.0, 0.0, 1.0]}
data modify storage ps:ani_data data[-1].frames[-1].part_6 set value {interpolation_duration:1,start_interpolation:0,transformation:[0.9855009505550876, -0.1223806710901073, 0.11751956347159236, -0.12891285220646947, 0.12198265695547544, 0.9924756184792953, 0.010600854976034566, 0.7075472470591703, -0.11793264118598144, 0.0038881959409337793, 0.9930139848336595, 0.5760710245350715, 0.0, 0.0, 0.0, 1.0]}
data modify storage ps:ani_data data[-1].frames[-1].part_1 set value {interpolation_duration:1,start_interpolation:0,transformation:[0.9945233159236899, 0.01807317579652848, 0.10294044103643693, -1.8326080237625365e-05, 7.723941887221556e-05, 0.9848077499832272, -0.17364817766693014, 0.5894058186524608, -0.10451491816109575, 0.1727051125172655, 0.9794128730990715, 0.3110890091326121, 0.0, 0.0, 0.0, 1.0]}
data modify storage ps:ani_data data[-1].frames[-1].part_2 set value {interpolation_duration:1,start_interpolation:0,transformation:[0.9626414125745707, 0.09371626893427934, 0.25404482229219477, 0.013536555767158733, -0.023236416228438687, 0.9633277390056718, -0.2673195395459882, 1.3280116311398815, -0.2697806141243172, 0.2514297679258727, 0.9295168056810205, 0.4406178435205612, 0.0, 0.0, 0.0, 1.0]}
data modify storage ps:ani_data data[-1].frames[-1].part_10 set value {interpolation_duration:1,start_interpolation:0,transformation:[0.9428487708619793, 0.2216962361531041, 0.2487709270787118, -0.09003897086882448, -0.1301402001722126, 0.932262290401531, -0.33756562353774755, 1.5832859639571135, -0.30675678245670635, 0.28589823499077255, 0.9078339471764482, 0.7440579122108973, 0.0, 0.0, 0.0, 1.0]}
data modify storage ps:ani_data data[-1].frames[-1].part_12 set value {interpolation_duration:1,start_interpolation:0,transformation:[0.940228972559206, 0.2318653269440149, 0.24941521469510403, -0.018159348966128856, -0.15531478612187227, 0.9437655317881707, -0.29186287571479286, 1.7022496553185444, -0.30306236383321633, 0.23568006103558398, 0.9233678099533721, 0.7586253448188616, 0.0, 0.0, 0.0, 1.0]}
data modify storage ps:ani_data data[-1].frames[-1].part_11 set value {interpolation_duration:1,start_interpolation:0,transformation:[0.9563810533398895, -0.12867601264445921, 0.26225515167944025, 0.16233591589160312, 0.1765593639540535, 0.9698445151953339, -0.16801311658816379, 1.6978928272757128, -0.2327274625234919, 0.20698816419170152, 0.9502598739670775, 0.708041479670552, 0.0, 0.0, 0.0, 1.0]}
data modify storage ps:ani_data data[-1].frames[-1].part_14 set value {interpolation_duration:1,start_interpolation:0,transformation:[0.9311580621960007, 0.26967837708488224, 0.24539404259323966, -0.1259578414318261, -0.1854959978445636, 0.929790864435048, -0.31793109819074933, 1.7538243449976947, -0.31390428157487493, 0.25052449250720027, 0.9158065192293466, 0.60120223213644, 0.0, 0.0, 0.0, 1.0]}
data modify storage ps:ani_data data[-1].frames[-1].part_13 set value {interpolation_duration:1,start_interpolation:0,transformation:[0.9610584721750677, 0.10572547555908075, 0.25532085084914347, 0.23503268828363794, -0.037781304059887326, 0.9655140395972202, -0.25759505508489844, 1.7451106889120303, -0.27375022579727426, 0.2379175553809843, 0.9319098940978563, 0.5000345018398211, 0.0, 0.0, 0.0, 1.0]}
data modify storage ps:ani_data data[-1].frames[-1].part_15 set value {interpolation_duration:1,start_interpolation:0,transformation:[0.9626414125745707, 0.09426681249448535, 0.2538410503810693, -0.00897378214714275, -0.023236416228438687, 0.9627459320130716, -0.26940738548365983, 1.8162974018413598, -0.2697806141243172, 0.2534443498174936, 0.9289695268351349, 0.3182391655678754, 0.0, 0.0, 0.0, 1.0]}
data modify storage ps:ani_data data[-1].frames[-1].part_16 set value {interpolation_duration:1,start_interpolation:0,transformation:[0.9626414125745707, 0.10874834023722595, 0.2479824777924512, 0.005674005985149266, -0.023236416228438687, 0.9456076923475522, -0.3244782906975382, 1.731224540123051, -0.2697806141243172, 0.3065940160355154, 0.9128080464007317, 0.3778333507749157, 0.0, 0.0, 0.0, 1.0]}
data modify storage ps:ani_data data[-1].frames[-1].part_7 set value {interpolation_duration:1,start_interpolation:0,transformation:[0.9626414125745707, 0.09371626893427934, 0.25404482229219477, 0.08055350271780705, -0.023236416228438687, 0.9633277390056718, -0.2673195395459882, 1.3866972112867362, -0.2697806141243172, 0.2514297679258727, 0.9295168056810205, 0.6274487784996957, 0.0, 0.0, 0.0, 1.0]}
data modify storage ps:ani_data data[-1].frames[-1].part_8 set value {interpolation_duration:1,start_interpolation:0,transformation:[0.9626414125745707, 0.09371626893427934, 0.25404482229219477, 0.07324473584196824, -0.023236416228438687, 0.9633277390056718, -0.2673195395459882, 1.4204445837046544, -0.2697806141243172, 0.2514297679258727, 0.9295168056810205, 0.6457095119121101, 0.0, 0.0, 0.0, 1.0]}
data modify storage ps:ani_data data[-1].frames[-1].part_9 set value {interpolation_duration:1,start_interpolation:0,transformation:[0.9626414125745707, 0.09371626893427934, 0.25404482229219477, 0.07671060352575455, -0.023236416228438687, 0.9633277390056718, -0.2673195395459882, 1.4361697506831643, -0.2697806141243172, 0.2514297679258727, 0.9295168056810205, 0.6567221313599003, 0.0, 0.0, 0.0, 1.0]}
data modify storage ps:ani_data data[-1].frames[-1].part_3 set value {interpolation_duration:1,start_interpolation:0,transformation:[0.7852894460201233, -0.21777562164634195, 0.31470322378176596, 0.22028775261195305, 0.250754439062735, 0.9290808391587918, -0.22311591841224723, 1.130038810404345, -0.20722619829486078, 0.2989691839045362, 0.9225948015745716, 0.3970737007855441, 0.0, 0.0, 0.0, 1.0]}
data modify storage ps:ani_data data[-1].frames[-1].part_4 set value {interpolation_duration:1,start_interpolation:0,transformation:[0.7650939880578876, -0.34857214450252005, 0.2613396531640639, -0.21162174492050245, 0.10453385140280969, 0.7787678518966505, 0.6151392574737446, 1.1509370330386202, -0.35525183088700885, -0.5215535379318129, 0.7438449298064328, 0.43244208935748696, 0.0, 0.0, 0.0, 1.0]}
#2
data modify storage ps:ani_data data[-1].frames append value {}
data modify storage ps:ani_data data[-1].frames[-1].part_5 set value {interpolation_duration:1,start_interpolation:0,transformation:[0.9989422504304795, -0.04598105483162013, 0.0003505730463770897, 0.125, 0.045981936281974216, 0.9989372491334312, -0.0031676220566367046, 0.7157552372930754, -0.00020454987109619517, 0.0031803915332505824, 0.9999949216216277, 0.6122421912266325, 0.0, 0.0, 0.0, 1.0]}
data modify storage ps:ani_data data[-1].frames[-1].part_6 set value {interpolation_duration:1,start_interpolation:0,transformation:[0.9856781840129524, -0.12121638568122915, 0.11723952150750098, -0.12891285220646947, 0.1205423980433985, 0.9926250221452078, 0.012848956579136575, 0.7075472470591703, -0.11793238670897473, 0.001467396880590147, 0.993020543046074, 0.5760710245350715, 0.0, 0.0, 0.0, 1.0]}
data modify storage ps:ani_data data[-1].frames[-1].part_1 set value {interpolation_duration:1,start_interpolation:0,transformation:[0.9945274458037935, 0.017844470914165383, 0.10294044103643693, -7.205914445499604e-05, 0.00030370959241939543, 0.9848077061809771, -0.17364817766693014, 0.5894035557318293, -0.10447519946602693, 0.172729142602966, 0.9794128730990715, 0.3110942554933922, 0.0, 0.0, 0.0, 1.0]}
data modify storage ps:ani_data data[-1].frames[-1].part_2 set value {interpolation_duration:1,start_interpolation:0,transformation:[0.9626997986669171, 0.09305157505055081, 0.25406790829872433, 0.013311294041169042, -0.022575227333355423, 0.9633532321926603, -0.267284322650622, 1.3280093353675626, -0.26962836786496447, 0.25157892281462335, 0.9295206231374907, 0.4406411124456167, 0.0, 0.0, 0.0, 1.0]}
data modify storage ps:ani_data data[-1].frames[-1].part_10 set value {interpolation_duration:1,start_interpolation:0,transformation:[0.935153983324406, 0.2533766201089556, 0.24756275134732744, -0.09047856819956998, -0.1569925896856816, 0.9229102108407554, -0.3515537931948043, 1.583174265055781, -0.3175537029484618, 0.28989141261519624, 0.9028414116752101, 0.7440999616381468, 0.0, 0.0, 0.0, 1.0]}
data modify storage ps:ani_data data[-1].frames[-1].part_12 set value {interpolation_duration:1,start_interpolation:0,transformation:[0.9357230056282102, 0.2510813179097325, 0.24775114234816448, -0.01867838390156882, -0.17213176668944125, 0.938093633601182, -0.3005844132574125, 1.702182467371529, -0.30788489997802815, 0.23861790878650124, 0.9210148652285024, 0.7586955539984145, 0.0, 0.0, 0.0, 1.0]}
data modify storage ps:ani_data data[-1].frames[-1].part_11 set value {interpolation_duration:1,start_interpolation:0,transformation:[0.952637631650626, -0.15282394612924363, 0.26291896898583084, 0.16182782834847817, 0.19859599042667136, 0.9673796688205404, -0.15727749024927629, 1.697949612246525, -0.2303066984469529, 0.20204310887072532, 0.9519124995546159, 0.7081402350237338, 0.0, 0.0, 0.0, 1.0]}
data modify storage ps:ani_data data[-1].frames[-1].part_14 set value {interpolation_duration:1,start_interpolation:0,transformation:[0.9266763545435307, 0.285809930351168, 0.24409755763336344, -0.12648485412426197, -0.19935916384090027, 0.9243120051622976, -0.3254277813978234, 1.753709229576855, -0.31863279448696075, 0.25290314514753065, 0.9135169081368539, 0.6012622101516952, 0.0, 0.0, 0.0, 1.0]}
data modify storage ps:ani_data data[-1].frames[-1].part_13 set value {interpolation_duration:1,start_interpolation:0,transformation:[0.9624809820117752, 0.08931172646006438, 0.256229925618324, 0.23452757037583202, -0.023097764925047767, 0.9678198963505452, -0.2505816064348847, 1.7452435193268472, -0.2703642959436701, 0.23526169204684147, 0.9335711455128317, 0.5001515722023336, 0.0, 0.0, 0.0, 1.0]}
data modify storage ps:ani_data data[-1].frames[-1].part_15 set value {interpolation_duration:1,start_interpolation:0,transformation:[0.9626997986669171, 0.10059041449449094, 0.25117855433636005, -0.009495618948896061, -0.022575227333355423, 0.9549497829267432, -0.29590753825986515, 1.8162974551145066, -0.26962836786496447, 0.2791997145413884, 0.9216008152353614, 0.31832673539264167, 0.0, 0.0, 0.0, 1.0]}
data modify storage ps:ani_data data[-1].frames[-1].part_16 set value {interpolation_duration:1,start_interpolation:0,transformation:[0.9626997986669171, 0.12145210702336032, 0.24178189209753387, 0.004520164753477964, -0.022575227333355423, 0.9265350622696019, -0.3755304747898796, 1.7295616324874326, -0.26962836786496447, 0.3560648312943183, 0.8947169268309527, 0.37563180749812786, 0.0, 0.0, 0.0, 1.0]}
data modify storage ps:ani_data data[-1].frames[-1].part_7 set value {interpolation_duration:1,start_interpolation:0,transformation:[0.9626997986669171, 0.09305157505055081, 0.25406790829872433, 0.08037429498543996, -0.022575227333355423, 0.9633532321926603, -0.267284322650622, 1.3867096259867813, -0.26962836786496447, 0.25157892281462335, 0.9295206231374907, 0.6274590342010984, 0.0, 0.0, 0.0, 1.0]}
data modify storage ps:ani_data data[-1].frames[-1].part_8 set value {interpolation_duration:1,start_interpolation:0,transformation:[0.9626997986669171, 0.09305157505055081, 0.25406790829872433, 0.072926473316512, -0.022575227333355423, 0.9633532321926603, -0.267284322650622, 1.4204523927876989, -0.26962836786496447, 0.25157892281462335, 0.9295206231374907, 0.6457552793529822, 0.0, 0.0, 0.0, 1.0]}
data modify storage ps:ani_data data[-1].frames[-1].part_9 set value {interpolation_duration:1,start_interpolation:0,transformation:[0.9626997986669171, 0.09305157505055081, 0.25406790829872433, 0.07637663360103611, -0.022575227333355423, 0.9633532321926603, -0.267284322650622, 1.4361395327029718, -0.26962836786496447, 0.25157892281462335, 0.9295206231374907, 0.656760530339661, 0.0, 0.0, 0.0, 1.0]}
data modify storage ps:ani_data data[-1].frames[-1].part_3 set value {interpolation_duration:1,start_interpolation:0,transformation:[0.7852904353726317, -0.21819731353990737, 0.3144075732846224, 0.22006136610973315, 0.25103527806147885, 0.9289734147782283, -0.22312612006859342, 1.1300284205900375, -0.20688214345578154, 0.29899553006566093, 0.9226931301382981, 0.3971318862524263, 0.0, 0.0, 0.0, 1.0]}
data modify storage ps:ani_data data[-1].frames[-1].part_4 set value {interpolation_duration:1,start_interpolation:0,transformation:[0.7650432058788719, -0.3490531843958137, 0.26090300319676474, -0.21180679178147693, 0.10511891265833115, 0.778669141117565, 0.6151262233723027, 1.1508842231891379, -0.35518855181453723, -0.5213791740512617, 0.7440089732272299, 0.43245217547298226, 0.0, 0.0, 0.0, 1.0]}
#3
data modify storage ps:ani_data data[-1].frames append value {}
data modify storage ps:ani_data data[-1].frames[-1].part_5 set value {interpolation_duration:1,start_interpolation:0,transformation:[0.9988399869085768, -0.04814667187636884, 0.0007606179746739557, 0.125, 0.048150770143750424, 0.9988164343104111, -0.006872691321459063, 0.7157552372930754, -0.00042882051937438975, 0.006901343250818591, 0.9999760935013879, 0.6122421912266325, 0.0, 0.0, 0.0, 1.0]}
data modify storage ps:ani_data data[-1].frames[-1].part_6 set value {interpolation_duration:1,start_interpolation:0,transformation:[0.985955414066174, -0.11937563071742992, 0.11679631956707846, -0.12891285220646947, 0.1182675514022496, 0.9928463723307183, 0.016397171556371895, 0.7075472470591703, -0.11791822488027692, -0.002353665343383722, 0.9930205196774817, 0.5760710245350715, 0.0, 0.0, 0.0, 1.0]}
data modify storage ps:ani_data data[-1].frames[-1].part_1 set value {interpolation_duration:1,start_interpolation:0,transformation:[0.9945340417185184, 0.017472992366848242, 0.10294044103643693, -0.0001593356933954793, 0.0006715563428018916, 0.9848075240396129, -0.17364817766693014, 0.5893998801569093, -0.10441067414353059, 0.17276815427825626, 0.9794128730990715, 0.3111027769553645, 0.0, 0.0, 0.0, 1.0]}
data modify storage ps:ani_data data[-1].frames[-1].part_2 set value {interpolation_duration:1,start_interpolation:0,transformation:[0.9627936585037792, 0.09197185731603769, 0.25410538877943195, 0.012945408581740703, -0.02150123907139306, 0.9633936725090745, -0.26722711031606255, 1.3280055231866192, -0.26938089736152904, 0.25182098647911905, 0.9295268274263958, 0.44067889266405674, 0.0, 0.0, 0.0, 1.0]}
data modify storage ps:ani_data data[-1].frames[-1].part_10 set value {interpolation_duration:1,start_interpolation:0,transformation:[0.9274274038029358, 0.2813097495407009, 0.24646142799370058, -0.09119243658031262, -0.18046267686080814, 0.9137839799338755, -0.36391216011070315, 1.5829924449873292, -0.3275845431878273, 0.2930250208251073, 0.8982342145759468, 0.7441681493365174, 0.0, 0.0, 0.0, 1.0]}
data modify storage ps:ani_data data[-1].frames[-1].part_12 set value {interpolation_duration:1,start_interpolation:0,transformation:[0.9308002652291538, 0.27029874227917905, 0.24606799095296938, -0.019521350759321713, -0.18884672148533266, 0.9319875885145043, -0.30941242806189967, 1.7020728266090015, -0.31296610364954525, 0.2415320367512619, 0.918539325880612, 0.7588094665613117, 0.0, 0.0, 0.0, 1.0]}
data modify storage ps:ani_data data[-1].frames[-1].part_11 set value {interpolation_duration:1,start_interpolation:0,transformation:[0.9495255556201432, -0.17049607036912015, 0.263310290746386, 0.1610024602101369, 0.21478811143643467, 0.9651326715512897, -0.1496161538398854, 1.6980413442831153, -0.2286203980615641, 0.19862028167576076, 0.9530386651638083, 0.708300548306025, 0.0, 0.0, 0.0, 1.0]}
data modify storage ps:ani_data data[-1].frames[-1].part_14 set value {interpolation_duration:1,start_interpolation:0,transformation:[0.9229764679733751, 0.29836237022313433, 0.24309326523420294, -0.12734071481195142, -0.2100227599471231, 0.9197849548683991, -0.3314906893140888, 1.753521737235225, -0.32249787576290534, 0.25490298710013176, 0.9116027573981134, 0.6013594925039579, 0.0, 0.0, 0.0, 1.0]}
data modify storage ps:ani_data data[-1].frames[-1].part_13 set value {interpolation_duration:1,start_interpolation:0,transformation:[0.9638230298759961, 0.06968782553748173, 0.2572717902384792, 0.23370690712696582, -0.005470033048416208, 0.9701850001149033, -0.24230382640497938, 1.745458772583453, -0.26648685862365473, 0.23213072292116496, 0.9354678410597521, 0.5003416559933845, 0.0, 0.0, 0.0, 1.0]}
data modify storage ps:ani_data data[-1].frames[-1].part_15 set value {interpolation_duration:1,start_interpolation:0,transformation:[0.9627936585037792, 0.10654540253067203, 0.2483474347451266, -0.010343251037350796, -0.02150123907139306, 0.9462853609628414, -0.3226169746709235, 1.8162970324883545, -0.26938089736152904, 0.30527379977161734, 0.9133684028417535, 0.3184688673920723, 0.0, 0.0, 0.0, 1.0]}
data modify storage ps:ani_data data[-1].frames[-1].part_16 set value {interpolation_duration:1,start_interpolation:0,transformation:[0.9627936585037792, 0.13281586711971846, 0.2353472255756272, 0.003050815667483269, -0.02150123907139306, 0.9057781397774584, -0.4232064014398669, 1.7279378894699335, -0.26938089736152904, 0.40240018258261784, 0.8749331547005023, 0.3733931537393578, 0.0, 0.0, 0.0, 1.0]}
data modify storage ps:ani_data data[-1].frames[-1].part_7 set value {interpolation_duration:1,start_interpolation:0,transformation:[0.9627936585037792, 0.09197185731603769, 0.25410538877943195, 0.08001357297034091, -0.02150123907139306, 0.9633936725090745, -0.26722711031606255, 1.3867314935307968, -0.26938089736152904, 0.25182098647911905, 0.9295268274263958, 0.6274952214080959, 0.0, 0.0, 0.0, 1.0]}
data modify storage ps:ani_data data[-1].frames[-1].part_8 set value {interpolation_duration:1,start_interpolation:0,transformation:[0.9627936585037792, 0.09197185731603769, 0.25410538877943195, 0.07240951526870439, -0.02150123907139306, 0.9633936725090745, -0.26722711031606255, 1.4204648540839069, -0.26938089736152904, 0.25182098647911905, 0.9295268274263958, 0.6458295740601069, 0.0, 0.0, 0.0, 1.0]}
data modify storage ps:ani_data data[-1].frames[-1].part_9 set value {interpolation_duration:1,start_interpolation:0,transformation:[0.9627936585037792, 0.09197185731603769, 0.25410538877943195, 0.07583427496257122, -0.02150123907139306, 0.9633936725090745, -0.26722711031606255, 1.4360902062659735, -0.26938089736152904, 0.25182098647911905, 0.9295268274263958, 0.6568228275213523, 0.0, 0.0, 0.0, 1.0]}
data modify storage ps:ani_data data[-1].frames[-1].part_3 set value {interpolation_duration:1,start_interpolation:0,transformation:[0.7852915377354287, -0.21888224859821837, 0.31392730797047924, 0.21969367870655135, 0.2514914009571045, 0.9287986020686001, -0.22314295084355465, 1.1300114349146893, -0.20632323186146187, 0.29903798762699346, 0.9228525715406761, 0.3972263727145726, 0.0, 0.0, 0.0, 1.0]}
data modify storage ps:ani_data data[-1].frames[-1].part_4 set value {interpolation_duration:1,start_interpolation:0,transformation:[0.7649598774117374, -0.3498346083746113, 0.26019360106713113, -0.21210733241639307, 0.10606916073960229, 0.7785077398016216, 0.6151047405306602, 1.1507983829091126, -0.3550855095469483, -0.5210963882549493, 0.7442751158949409, 0.43246854423609654, 0.0, 0.0, 0.0, 1.0]}
#4
data modify storage ps:ani_data data[-1].frames append value {}
data modify storage ps:ani_data data[-1].frames[-1].part_5 set value {interpolation_duration:1,start_interpolation:0,transformation:[0.9986977283779117, -0.051001489992049245, 0.001302056600099811, 0.125, 0.051013302392659096, 0.9986286699484642, -0.011765310703777196, 0.7157552372930754, -0.000700222674643251, 0.011816411280595863, 0.9999299386020272, 0.6122421912266325, 0.0, 0.0, 0.0, 1.0]}
data modify storage ps:ani_data data[-1].frames[-1].part_6 set value {interpolation_duration:1,start_interpolation:0,transformation:[0.986316769087876, -0.1169390324839865, 0.11620883657348265, -0.12891285220646947, 0.11526066859886432, 0.9931115280401945, 0.021082484384260313, 0.7075472470591703, -0.11787370058751875, -0.007399699681673463, 0.9930010247499369, 0.5760710245350715, 0.0, 0.0, 0.0, 1.0]}
data modify storage ps:ani_data data[-1].frames[-1].part_1 set value {interpolation_duration:1,start_interpolation:0,transformation:[0.9945428083983671, 0.01696666915787509, 0.10294044103643692, -0.0002782922277753237, 0.0011729253943796101, 0.9848070545233587, -0.17364817766693014, 0.5893948704073297, -0.10432270370877163, 0.17282128774752756, 0.9794128730990715, 0.311114391571162, 0.0, 0.0, 0.0, 1.0]}
data modify storage ps:ani_data data[-1].frames[-1].part_2 set value {interpolation_duration:1,start_interpolation:0,transformation:[0.9629196452926829, 0.09050006000583712, 0.2541564397145064, 0.012446709640630995, -0.020037323591870947, 0.9634468636888166, -0.267149109134688, 1.328000161299849, -0.2690432351364522, 0.25215051058271254, 0.9295352912290038, 0.44073035738180766, 0.0, 0.0, 0.0, 1.0]}
data modify storage ps:ani_data data[-1].frames[-1].part_10 set value {interpolation_duration:1,start_interpolation:0,transformation:[0.9205394020562588, 0.30382275624900484, 0.2455584289882215, -0.09216512265345299, -0.19922890835091783, 0.9058228525214522, -0.3738887560855516, 1.5827438464133259, -0.3360283490112214, 0.29525699421886226, 0.8943759030886484, 0.7442608656324283, 0.0, 0.0, 0.0, 1.0]}
data modify storage ps:ani_data data[-1].frames[-1].part_12 set value {interpolation_duration:1,start_interpolation:0,transformation:[0.9258078783441595, 0.2882857787933632, 0.24448125110402713, -0.020670137321930678, -0.20438495684893865, 0.9258701492378841, -0.31779121473709043, 1.701922371649936, -0.3179725802797212, 0.24424532031488766, 0.9160991549469599, 0.7589644772592392, 0.0, 0.0, 0.0, 1.0]}
data modify storage ps:ani_data data[-1].frames[-1].part_11 set value {interpolation_duration:1,start_interpolation:0,transformation:[0.9476085450562883, -0.18068338203299977, 0.26342277956437543, 0.15987729617044738, 0.2241890815498125, 0.9636197603624604, -0.14552049049135984, 1.6981653734764601, -0.2275462613407568, 0.19695297128023095, 0.9536415605738524, 0.7085188706711544, 0.0, 0.0, 0.0, 1.0]}
data modify storage ps:ani_data data[-1].frames[-1].part_14 set value {interpolation_duration:1,start_interpolation:0,transformation:[0.9204569138205486, 0.30654983138122255, 0.2424588020264374, -0.12850694759919332, -0.21684334404040653, 0.9166530185921697, -0.33574723774178294, 1.7532651623371818, -0.3251738518782299, 0.2564652888521319, 0.9102128990893656, 0.6014918123498292, 0.0, 0.0, 0.0, 1.0]}
data modify storage ps:ani_data data[-1].frames[-1].part_13 set value {interpolation_duration:1,start_interpolation:0,transformation:[0.9648531373495586, 0.04803745301218594, 0.25836181307386763, 0.23258791938556278, 0.014055539462871405, 0.9723097181748926, -0.2332729168872137, 1.7457511659902303, -0.2624135384409915, 0.22870552037666964, 0.9374608897400014, 0.5006005991736596, 0.0, 0.0, 0.0, 1.0]}
data modify storage ps:ani_data data[-1].frames[-1].part_15 set value {interpolation_duration:1,start_interpolation:0,transformation:[0.9629196452926829, 0.11171599626882764, 0.24557136007091085, -0.011498624035441874, -0.020037323591870947, 0.9373372186424378, -0.3478468689106363, 1.8162954414473782, -0.2690432351364522, 0.33002799082096357, 0.904818911662433, 0.3186623829544934, 0.0, 0.0, 0.0, 1.0]}
data modify storage ps:ani_data data[-1].frames[-1].part_16 set value {interpolation_duration:1,start_interpolation:0,transformation:[0.9629196452926829, 0.1421459697690795, 0.2293039031238273, 0.0013295535255647595, -0.020037323591870947, 0.8852731419831357, -0.4646396127608812, 1.7264528591825776, -0.2690432351364522, 0.4428159746008662, 0.8552951246590832, 0.3712662295919576, 0.0, 0.0, 0.0, 1.0]}
data modify storage ps:ani_data data[-1].frames[-1].part_7 set value {interpolation_duration:1,start_interpolation:0,transformation:[0.9629196452926829, 0.09050006000583712, 0.2541564397145064, 0.07948088285299652, -0.020037323591870947, 0.9634468636888166, -0.267149109134688, 1.3867621959545688, -0.2690432351364522, 0.25215051058271254, 0.9295352912290038, 0.6275560325818103, 0.0, 0.0, 0.0, 1.0]}
data modify storage ps:ani_data data[-1].frames[-1].part_8 set value {interpolation_duration:1,start_interpolation:0,transformation:[0.9629196452926829, 0.09050006000583712, 0.2541564397145064, 0.07170487729183368, -0.020037323591870947, 0.9634468636888166, -0.267149109134688, 1.4204813946824413, -0.2690432351364522, 0.25215051058271254, 0.9295352912290038, 0.6459307496084625, 0.0, 0.0, 0.0, 1.0]}
data modify storage ps:ani_data data[-1].frames[-1].part_9 set value {interpolation_duration:1,start_interpolation:0,transformation:[0.9629196452926829, 0.09050006000583712, 0.2541564397145064, 0.07509524038774736, -0.020037323591870947, 0.9634468636888166, -0.267149109134688, 1.4360224880183952, -0.2690432351364522, 0.25215051058271254, 0.9295352912290038, 0.6569075924645514, 0.0, 0.0, 0.0, 1.0]}
data modify storage ps:ani_data data[-1].frames[-1].part_3 set value {interpolation_duration:1,start_interpolation:0,transformation:[0.7852920342463305, -0.2198157974555013, 0.3132726118026038, 0.219192573593564, 0.25211302239611, 0.9285596824846749, -0.2231664104976546, 1.1299880646716312, -0.20556129228908485, 0.2990951876125088, 0.9230693494640408, 0.39735511247874494, 0.0, 0.0, 0.0, 1.0]}
data modify storage ps:ani_data data[-1].frames[-1].part_4 set value {interpolation_duration:1,start_interpolation:0,transformation:[0.7648446170368248, -0.35089985165338244, 0.2592263624083764, -0.21251691685966173, 0.10736424254911442, 0.7782856208000105, 0.615074837454421, 1.1506812578738974, -0.35494454667123393, -0.5207118075918544, 0.7446372521993099, 0.43249082723329496, 0.0, 0.0, 0.0, 1.0]}
#5
data modify storage ps:ani_data data[-1].frames append value {}
data modify storage ps:ani_data data[-1].frames[-1].part_5 set value {interpolation_duration:1,start_interpolation:0,transformation:[0.9985149714009207, -0.05444286651538333, 0.0019560607881040463, 0.125, 0.05446898887127273, 0.9983589996796762, -0.017675887811861257, 0.7157552372930754, -0.0009905248910421411, 0.0177561832662453, 0.9998418559033502, 0.6122421912266325, 0.0, 0.0, 0.0, 1.0]}
data modify storage ps:ani_data data[-1].frames[-1].part_6 set value {interpolation_duration:1,start_interpolation:0,transformation:[0.986746065733096, -0.11398652433278395, 0.11549577494777952, -0.12891285220646947, 0.1116239712185115, 0.9933906255434195, 0.02674236586135181, 0.7075472470591703, -0.1177806894599679, -0.013495827243453332, 0.9929479200025293, 0.5760710245350715, 0.0, 0.0, 0.0, 1.0]}
data modify storage ps:ani_data data[-1].frames[-1].part_1 set value {interpolation_duration:1,start_interpolation:0,transformation:[0.9945534096630605, 0.016333429731815542, 0.10294044103643692, -0.0004270652483107777, 0.0017999622854694365, 0.9848061080886558, -0.17364817766693014, 0.5893886049627204, -0.10421264541000382, 0.17288767609193748, 0.9794128730990715, 0.3111289173934177, 0.0, 0.0, 0.0, 1.0]}
data modify storage ps:ani_data data[-1].frames[-1].part_2 set value {interpolation_duration:1,start_interpolation:0,transformation:[0.9630740562588419, 0.08865910232082021, 0.2542202307779754, 0.011823007050550878, -0.01820634123733233, 0.9635102562341399, -0.26705152175258634, 1.3279931860292125, -0.26862034788878253, 0.2525619720133825, 0.9295458885890576, 0.44079467446237075, 0.0, 0.0, 0.0, 1.0]}
data modify storage ps:ani_data data[-1].frames[-1].part_10 set value {interpolation_duration:1,start_interpolation:0,transformation:[0.9153429207841859, 0.3196153971642562, 0.2449353695688111, -0.09338111575185526, -0.21230874629566662, 0.8999175680764921, -0.380884978587571, 1.5824316697557708, -0.34215834582344706, 0.29663844754654933, 0.8915903194968726, 0.744376460056148, 0.0, 0.0, 0.0, 1.0]}
data modify storage ps:ani_data data[-1].frames[-1].part_12 set value {interpolation_duration:1,start_interpolation:0,transformation:[0.921166713644547, 0.30389558827754104, 0.24310359334808698, -0.02210659944557513, -0.2177648836125025, 0.920231284815573, -0.32519661423808344, 1.7017325554577047, -0.3225373484397396, 0.24662087071480154, 0.9138642158380724, 0.7591579348147718, 0.0, 0.0, 0.0, 1.0]}
data modify storage ps:ani_data data[-1].frames[-1].part_11 set value {interpolation_duration:1,start_interpolation:0,transformation:[0.9472347859638801, -0.1828571782380988, 0.26326699874226955, 0.15846978610295775, 0.2263026195684508, 0.96316624102625, -0.14525121866552618, 1.6983188664757054, -0.22700965758403108, 0.19716501848493204, 0.9537256266083121, 0.7087916195856251, 0.0, 0.0, 0.0, 1.0]}
data modify storage ps:ani_data data[-1].frames[-1].part_14 set value {interpolation_duration:1,start_interpolation:0,transformation:[0.9194148084838963, 0.30982925073903056, 0.24224418533168304, -0.12996502123262313, -0.21938540531950637, 0.9152430092391901, -0.33793531625384743, 1.7529426121136482, -0.32641454298685246, 0.2575578952881912, 0.9094599918090963, 0.6016568524473723, 0.0, 0.0, 0.0, 1.0]}
data modify storage ps:ani_data data[-1].frames[-1].part_13 set value {interpolation_duration:1,start_interpolation:0,transformation:[0.9654247297783431, 0.025656399187268066, 0.25941634550112014, 0.23118774986444254, 0.03432011092663348, 0.9739732559094398, -0.22404960780851305, 1.7461152341496484, -0.25841288883954017, 0.22520622982925775, 0.939417336931619, 0.5009242219890789, 0.0, 0.0, 0.0, 1.0]}
data modify storage ps:ani_data data[-1].frames[-1].part_15 set value {interpolation_duration:1,start_interpolation:0,transformation:[0.9630740562588419, 0.11572708187199407, 0.24309587549469763, -0.012943693378584144, -0.01820634123733233, 0.9288341141380451, -0.37004826381452316, 1.816291803569795, -0.26862034788878253, 0.3519579959807504, 0.8966430046374775, 0.3189040650709612, 0.0, 0.0, 0.0, 1.0]}
data modify storage ps:ani_data data[-1].frames[-1].part_16 set value {interpolation_duration:1,start_interpolation:0,transformation:[0.9630740562588419, 0.14891367624246438, 0.22430577163571885, -0.000580903184291437, -0.01820634123733233, 0.867231002486352, -0.49757302726862795, 1.7251850010103371, -0.26862034788878253, 0.4751158862366859, 0.837918852482529, 0.36940286064675515, 0.0, 0.0, 0.0, 1.0]}
data modify storage ps:ani_data data[-1].frames[-1].part_7 set value {interpolation_duration:1,start_interpolation:0,transformation:[0.9630740562588419, 0.08865910232082021, 0.2542202307779754, 0.07878578890365102, -0.01820634123733233, 0.9635102562341399, -0.26705152175258634, 1.3868010347964475, -0.26862034788878253, 0.2525619720133825, 0.9295458885890576, 0.6276401371556477, 0.0, 0.0, 0.0, 1.0]}
data modify storage ps:ani_data data[-1].frames[-1].part_8 set value {interpolation_duration:1,start_interpolation:0,transformation:[0.9630740562588419, 0.08865910232082021, 0.2542202307779754, 0.07082356975214678, -0.01820634123733233, 0.9635102562341399, -0.26705152175258634, 1.4205013603620487, -0.26862034788878253, 0.2525619720133825, 0.9295458885890576, 0.6460571435448047, 0.0, 0.0, 0.0, 1.0]}
data modify storage ps:ani_data data[-1].frames[-1].part_9 set value {interpolation_duration:1,start_interpolation:0,transformation:[0.9630740562588419, 0.08865910232082021, 0.2542202307779754, 0.0741712785687237, -0.01820634123733233, 0.9635102562341399, -0.26705152175258634, 1.4359370061068684, -0.26862034788878253, 0.2525619720133825, 0.9295458885890576, 0.6570133681891268, 0.0, 0.0, 0.0, 1.0]}
data modify storage ps:ani_data data[-1].frames[-1].part_3 set value {interpolation_duration:1,start_interpolation:0,transformation:[0.7852910216801406, -0.22098332777057308, 0.3124536511197241, 0.21856594274293845, 0.25289034330153326, 0.9282598180358106, -0.22319659402243144, 1.129958481122745, -0.20460812675305246, 0.29916563817986747, 0.9233395888397397, 0.3975160498312784, 0.0, 0.0, 0.0, 1.0]}
data modify storage ps:ani_data data[-1].frames[-1].part_4 set value {interpolation_duration:1,start_interpolation:0,transformation:[0.7646977293004596, -0.3522323752868596, 0.2580161429006225, -0.213029086337688, 0.1089837834679094, 0.778004366273328, 0.6150364282334246, 1.1505345707054733, -0.3547674135877487, -0.5202322172447745, 0.7450891637573029, 0.43251865103796205, 0.0, 0.0, 0.0, 1.0]}
#6
data modify storage ps:ani_data data[-1].frames append value {}
data modify storage ps:ani_data data[-1].frames[-1].part_5 set value {interpolation_duration:1,start_interpolation:0,transformation:[0.9982914869149034, -0.058367777028800215, 0.0027036564033351145, 0.125, 0.058416512751381086, 0.9979932355172348, -0.024433847421324206, 0.7157552372930754, -0.001272081443447725, 0.0245500400520464, 0.9996977930065886, 0.6122421912266325, 0.0, 0.0, 0.0, 1.0]}
data modify storage ps:ani_data data[-1].frames[-1].part_6 set value {interpolation_duration:1,start_interpolation:0,transformation:[0.9872271046624587, -0.11059858967502072, 0.11467604711392523, -0.12891285220646947, 0.10746058240096, 0.9936544146261929, 0.03321336363460518, 0.7075472470591703, -0.11762171164298403, -0.020465978006790325, 0.9928475596456892, 0.5760710245350715, 0.0, 0.0, 0.0, 1.0]}
