#0
data modify storage ps:ani_data data append value {ani_tag:'nagi',height:2.4,width:0.8}
data modify storage ps:ani_data data[-1].parts.part_17 set value {name:'nagi_part',init_pos:[-1.0, 0.0, -1.2246467991473532e-16, 0.0, 0.0, 1.0, 0.0, 0.0, 1.2246467991473532e-16, 0.0, -1.0, 0.0, 0.0, 0.0, 0.0, 1.0],item_model:'minecraft:nagi_chair'}
data modify storage ps:ani_data data[-1].parts.part_5 set value {name:'nagi_part',init_pos:[0.9525430937609163, -0.13199187902166104, -0.2742987393348961, 0.06600738439102197, 0.11376172463058674, 0.9901668825180001, -0.08141139216141353, 0.7391320921937552, 0.282347170231006, 0.04634316170608251, 0.9581922494080336, 0.5561431083635783, 0.0, 0.0, 0.0, 1.0],item_model:'minecraft:nagi_left_leg'}
data modify storage ps:ani_data data[-1].parts.part_6 set value {name:'nagi_part',init_pos:[0.9681085742854239, 0.2084979913919693, -0.13890419713082197, -0.15407598337021308, -0.15152058895799797, 0.9288192777620298, 0.3381364523080035, 0.6822537752920846, 0.19951766717978978, -0.3063059529998325, 0.9307896452152866, 0.5369119332200354, 0.0, 0.0, 0.0, 1.0],item_model:'minecraft:nagi_right_leg'}
data modify storage ps:ani_data data[-1].parts.part_1 set value {name:'nagi_part',init_pos:[0.9963626389183837, -0.048628577027392095, -0.06997680518490101, 0.0, 0.03206926595018461, 0.974793864259343, -0.22079058943658322, 0.5645222662562592, 0.07894969252005304, 0.2177433895635606, 0.9728076697643582, 0.278204556816838, 0.0, 0.0, 0.0, 1.0],item_model:'minecraft:nagi_body'}
data modify storage ps:ani_data data[-1].parts.part_2 set value {name:'nagi_part',init_pos:[0.8694636432889469, 0.11265171382758574, -0.4809808357621108, -0.03647143277054406, -0.10650422454586797, 0.9935007401507916, 0.0401637831100648, 1.2865244030535783, 0.4823793353291517, 0.01630554174312302, 0.8758106565667428, 0.4589166591048093, 0.0, 0.0, 0.0, 1.0],item_model:'minecraft:nagi_head'}
data modify storage ps:ani_data data[-1].parts.part_10 set value {name:'nagi_part',init_pos:[0.8660292908485204, 0.13085703412450486, -0.4825657509734266, -0.2544761120214969, -0.13531988456982527, 0.9904676947968892, 0.02573469261027317, 1.6244936357861883, 0.48133335250366577, 0.043013744127595635, 0.8754815940861963, 0.5377805136315835, 0.0, 0.0, 0.0, 1.0],item_model:'minecraft:nagi_hair_ahoge'}
data modify storage ps:ani_data data[-1].parts.part_12 set value {name:'nagi_part',init_pos:[0.8684782510034937, 0.11806780265402993, -0.4814618588324123, -0.18605317008748945, -0.11506488716931203, 0.9927097111079188, 0.035881767135210824, 1.7420247142709206, 0.4821883441920036, 0.024236820098376195, 0.8757322520479035, 0.569967414807546, 0.0, 0.0, 0.0, 1.0],item_model:'minecraft:nagi_hair_front_right'}
data modify storage ps:ani_data data[-1].parts.part_11 set value {name:'nagi_part',init_pos:[0.8740656825261717, 0.08468018870852315, -0.47837061810937653, -0.02302873697081191, -0.06249740556788581, 0.9961090484874419, 0.062135640486972316, 1.7220551721685702, 0.4817709589912421, -0.024413708479704355, 0.8759570274339529, 0.6604135401817618, 0.0, 0.0, 0.0, 1.0],item_model:'minecraft:nagi_hair_front_left'}
data modify storage ps:ani_data data[-1].parts.part_14 set value {name:'nagi_part',init_pos:[0.87413314270317, 0.06363446022135572, -0.481499641017744, -0.1502107410876529, -0.05660329599214, 0.9979716684707883, 0.029131011181502353, 1.7411505189719003, 0.4823767362868007, 0.0017900843464286314, 0.8759620310763059, 0.37560420824320967, 0.0, 0.0, 0.0, 1.0],item_model:'minecraft:nagi_hair_right'}
data modify storage ps:ani_data data[-1].parts.part_13 set value {name:'nagi_part',init_pos:[0.8766941286408032, -0.017024367912244688, -0.4807468935977969, 0.17583812514570224, 0.023633645895670324, 0.9996910547790714, 0.007697127801031378, 1.7012114347672, 0.4804673304069912, -0.018109828599295965, 0.8768256260623791, 0.5564964589916415, 0.0, 0.0, 0.0, 1.0],item_model:'minecraft:nagi_hair_left'}
data modify storage ps:ani_data data[-1].parts.part_15 set value {name:'nagi_part',init_pos:[0.8694636432889469, 0.031001136067050475, -0.49302322720259656, 0.1330589009695524, -0.10650422454586797, 0.986321507982215, -0.12580434430325918, 1.7111400310920337, 0.4823793353291516, 0.1618913600358026, 0.8608724437413271, 0.24709766947573988, 0.0, 0.0, 0.0, 1.0],item_model:'minecraft:nagi_hair_back'}
data modify storage ps:ani_data data[-1].parts.part_16 set value {name:'nagi_part',init_pos:[0.8694636432889469, 0.02735909264848354, -0.4932387383895982, 0.09060360079588284, -0.10650422454586797, 0.9853654866555817, -0.13308534052213167, 1.6363001355425761, 0.4823793353291516, 0.16824487438688912, 0.8596533249455537, 0.3070972855571106, 0.0, 0.0, 0.0, 1.0],item_model:'minecraft:nagi_hair_back_bottom'}
data modify storage ps:ani_data data[-1].parts.part_7 set value {name:'nagi_part',init_pos:[0.8694636432889469, 0.11265171382758574, -0.4809808357621108, -0.13523044282710175, -0.10650422454586797, 0.9935007401507916, 0.0401637831100648, 1.4071835724780457, 0.4823793353291517, 0.01630554174312302, 0.8758106565667428, 0.5989614041342463, 0.0, 0.0, 0.0, 1.0],item_model:'minecraft:nagi_eye'}
data modify storage ps:ani_data data[-1].parts.part_8 set value {name:'nagi_part',init_pos:[0.8694636432889469, 0.11265171382758574, -0.4809808357621108, -0.10710468796063458, -0.10650422454586797, 0.9935007401507916, 0.0401637831100648, 1.4390526676652642, 0.4823793353291517, 0.01630554174312302, 0.8758106565667428, 0.6199060428762733, 0.0, 0.0, 0.0, 1.0],item_model:'minecraft:nagi_eyelid'}
data modify storage ps:ani_data data[-1].parts.part_9 set value {name:'nagi_part',init_pos:[0.8694636432889469, 0.11265171382758574, -0.4809808357621108, -0.10863970464924837, -0.10650422454586797, 0.9935007401507916, 0.0401637831100648, 1.4551178623311338, 0.4823793353291517, 0.01630554174312302, 0.8758106565667428, 0.6262198545999454, 0.0, 0.0, 0.0, 1.0],item_model:'minecraft:nagi_eyebrow'}
data modify storage ps:ani_data data[-1].parts.part_3 set value {name:'nagi_part',init_pos:[0.8347349586216509, -0.17823667604543086, -0.06186202907173691, 0.18147988954831612, 0.12236075272360103, 0.9198234661897249, -0.3649686107262634, 1.1229327697456526, 0.10365999733660315, 0.3495089102712493, 0.9289623256858529, 0.434342765876022, 0.0, 0.0, 0.0, 1.0],item_model:'minecraft:nagi_left_arm'}
data modify storage ps:ani_data data[-1].parts.part_4 set value {name:'nagi_part',init_pos:[0.8477874813739487, 0.06919053705686697, 0.020293357136795614, -0.279483520371716, -0.06128932119887612, 0.9567384597855558, 0.2818729793056398, 1.1657511149308024, 7.438143368418415e-05, -0.2826025285607766, 0.9592370943585746, 0.3945567521640501, 0.0, 0.0, 0.0, 1.0],item_model:'minecraft:nagi_right_arm'}
#1
data modify storage ps:ani_data data[-1].frames append value {}
data modify storage ps:ani_data data[-1].frames[-1].part_17 set value {interpolation_duration:1,start_interpolation:0,transformation:[-1.0, 0.0, -1.2246467991473532e-16, 0.0, 0.0, 1.0, 0.0, 0.0, 1.2246467991473532e-16, 0.0, -1.0, 0.0, 0.0, 0.0, 0.0, 1.0]}
data modify storage ps:ani_data data[-1].frames[-1].part_5 set value {interpolation_duration:1,start_interpolation:0,transformation:[0.9525430864167564, -0.13200677344375672, -0.27429159718191964, 0.06601596836278499, 0.1137618147890334, 0.9901624755348721, -0.08146484848423499, 0.7391330022577017, 0.28234715868155197, 0.046394868332848914, 0.9581897506114496, 0.556145639767959, 0.0, 0.0, 0.0, 1.0]}
data modify storage ps:ani_data data[-1].frames[-1].part_6 set value {interpolation_duration:1,start_interpolation:0,transformation:[0.9681132096579501, 0.2084742887090882, -0.13890746644087143, -0.1540883195041158, -0.1514999450366032, 0.92882795946828, 0.33812185431275726, 0.6822555582427333, 0.1995108516840332, -0.30629576010325543, 0.9307944603418528, 0.5369094431535921, 0.0, 0.0, 0.0, 1.0]}
data modify storage ps:ani_data data[-1].frames[-1].part_1 set value {interpolation_duration:1,start_interpolation:0,transformation:[0.9963626386634215, -0.04863155811657589, -0.06997473709002636, 0.0, 0.03206928326291177, 0.9747845072897667, -0.22083189402540995, 0.5645222662562592, 0.07894968870532254, 0.21778460896721066, 0.9727984430242125, 0.278204556816838, 0.0, 0.0, 0.0, 1.0]}
data modify storage ps:ani_data data[-1].frames[-1].part_2 set value {interpolation_duration:1,start_interpolation:0,transformation:[0.8694646636214762, 0.11262078809777731, -0.48098623348473146, -0.03647361429304428, -0.10652170373481107, 0.9935027298544122, 0.04006809710061024, 1.2865166505580174, 0.4823736366625215, 0.016397678496248465, 0.8758120750440174, 0.4589471897474681, 0.0, 0.0, 0.0, 1.0]}
data modify storage ps:ani_data data[-1].frames[-1].part_10 set value {interpolation_duration:1,start_interpolation:0,transformation:[0.8650510485653551, 0.135708958973603, -0.48298008429983996, -0.25448916121990284, -0.14308355264898967, 0.9894715589186348, 0.021751575861768513, 1.624471841294163, 0.4808469406550523, 0.05029028281315785, 0.8753611295444008, 0.5378411714740762, 0.0, 0.0, 0.0, 1.0]}
data modify storage ps:ani_data data[-1].frames[-1].part_12 set value {interpolation_duration:1,start_interpolation:0,transformation:[0.8679841501425225, 0.12069852480606179, -0.4817005098720606, -0.1860700212313384, -0.11929335766292824, 0.9922876892372512, 0.03367842938292956, 1.7420020760425385, 0.4820504225896576, 0.02823132830450548, 0.8756885189285605, 0.570039233577515, 0.0, 0.0, 0.0, 1.0]}
data modify storage ps:ani_data data[-1].frames[-1].part_11 set value {interpolation_duration:1,start_interpolation:0,transformation:[0.8746905755827704, 0.08041772166254671, -0.477963792592375, -0.023045396802311605, -0.05589191829437505, 0.9962963127572284, 0.06534332908358162, 1.7220292565922617, 0.4814483258419917, -0.03044088088336987, 0.8759456959851952, 0.6604842904517376, 0.0, 0.0, 0.0, 1.0]}
data modify storage ps:ani_data data[-1].frames[-1].part_14 set value {interpolation_duration:1,start_interpolation:0,transformation:[0.8738673624243932, 0.06644269402969585, -0.48160274220513977, -0.1502266439292935, -0.06109588769883925, 0.9977721550984209, 0.026795876857146628, 1.7411469143196001, 0.48231019623860844, 0.0060079048202146355, 0.8759798968492065, 0.3756761172153541, 0.0, 0.0, 0.0, 1.0]}
data modify storage ps:ani_data data[-1].frames[-1].part_13 set value {interpolation_duration:1,start_interpolation:0,transformation:[0.8766441916431646, -0.01880669761690165, -0.48077153553746166, 0.1758226049287601, 0.02636805319064768, 0.999611992214909, 0.008977237385486975, 1.7012012754190458, 0.4804161602498791, -0.0205468524325903, 0.8767999428751555, 0.5565662309637996, 0.0, 0.0, 0.0, 1.0]}
data modify storage ps:ani_data data[-1].frames[-1].part_15 set value {interpolation_duration:1,start_interpolation:0,transformation:[0.8694646636214762, 0.027832030859576057, -0.4932104791788437, 0.13304453887091616, -0.10652170373481107, 0.9854864827938504, -0.1321723074779243, 1.7111570705941705, 0.4823736366625214, 0.16745677140336074, 0.859810388611429, 0.24716815532857248, 0.0, 0.0, 0.0, 1.0]}
data modify storage ps:ani_data data[-1].frames[-1].part_16 set value {interpolation_duration:1,start_interpolation:0,transformation:[0.8694646636214762, 0.020714869500808884, -0.49356062737535844, 0.09078120379701733, -0.10652170373481107, 0.9834774492700604, -0.14637360899659801, 1.635849637130305, 0.4823736366625214, 0.17984159963373395, 0.8573054728007711, 0.30671660100198034, 0.0, 0.0, 0.0, 1.0]}
data modify storage ps:ani_data data[-1].frames[-1].part_7 set value {interpolation_duration:1,start_interpolation:0,transformation:[0.8694646636214762, 0.11262078809777731, -0.48098623348473146, -0.13545453463710713, -0.10652170373481107, 0.9935027298544122, 0.04006809710061024, 1.4070195356590478, 0.4823736366625215, 0.016397678496248465, 0.8758120750440174, 0.5988895610941584, 0.0, 0.0, 0.0, 1.0]}
data modify storage ps:ani_data data[-1].frames[-1].part_8 set value {interpolation_duration:1,start_interpolation:0,transformation:[0.8694646636214762, 0.11262078809777731, -0.48098623348473146, -0.10711236848330255, -0.10652170373481107, 0.9935027298544122, 0.04006809710061024, 1.439027877761703, 0.4823736366625215, 0.016397678496248465, 0.8758120750440174, 0.6199503012533972, 0.0, 0.0, 0.0, 1.0]}
data modify storage ps:ani_data data[-1].frames[-1].part_9 set value {interpolation_duration:1,start_interpolation:0,transformation:[0.8694646636214762, 0.11262078809777731, -0.48098623348473146, -0.10864791392267233, -0.10652170373481107, 0.9935027298544122, 0.04006809710061024, 1.4550924425436784, 0.4823736366625215, 0.016397678496248465, 0.8758120750440174, 0.6262655869110642, 0.0, 0.0, 0.0, 1.0]}
data modify storage ps:ani_data data[-1].frames[-1].part_3 set value {interpolation_duration:1,start_interpolation:0,transformation:[0.8347257028294448, -0.17829926649283614, -0.061854522861417266, 0.18147822462546415, 0.12240554958131394, 0.9197893222369312, -0.36503386463117726, 1.1229267877339026, 0.10368163997345951, 0.34956683805396005, 0.9289371860755784, 0.43436609313762964, 0.0, 0.0, 0.0, 1.0]}
data modify storage ps:ani_data data[-1].frames[-1].part_4 set value {interpolation_duration:1,start_interpolation:0,transformation:[0.847785317570057, 0.06922616160510194, 0.020296978983163183, -0.2794853834887153, -0.061319237391030526, 0.956734780742834, 0.28187646127665655, 1.1657452624966353, 8.023976524151877e-05, -0.28260625942534534, 0.9592359945406066, 0.394582515245014, 0.0, 0.0, 0.0, 1.0]}
#2
data modify storage ps:ani_data data[-1].frames append value {}
data modify storage ps:ani_data data[-1].frames[-1].part_17 set value {interpolation_duration:1,start_interpolation:0,transformation:[-1.0, 0.0, -1.2246467991473532e-16, 0.0, 0.0, 1.0, 0.0, 0.0, 1.2246467991473532e-16, 0.0, -1.0, 0.0, 0.0, 0.0, 0.0, 1.0]}
data modify storage ps:ani_data data[-1].frames[-1].part_5 set value {interpolation_duration:1,start_interpolation:0,transformation:[0.9525430650338076, -0.1320504406520582, -0.2742706516920765, 0.06604113703497261, 0.11376207722205008, 0.9901495376026906, -0.08162158397937483, 0.7391356706147016, 0.28234712508209353, 0.046546474719092026, 0.9581824078165397, 0.556153061983315, 0.0, 0.0, 0.0, 1.0]}
data modify storage ps:ani_data data[-1].frames[-1].part_6 set value {interpolation_duration:1,start_interpolation:0,transformation:[0.968126797530065, 0.20840479004304702, -0.13891705219768352, -0.15412448971981907, -0.15143941387788795, 0.9288534107744337, 0.33807905172758473, 0.6822607859510305, 0.19949087154178813, -0.3062658726985666, 0.9308085772013939, 0.5369021421433177, 0.0, 0.0, 0.0, 1.0]}
data modify storage ps:ani_data data[-1].frames[-1].part_1 set value {interpolation_duration:1,start_interpolation:0,transformation:[0.9963626379210149, -0.048640297986162165, -0.0699686727535554, 0.0, 0.03206933365728314, 0.9747570620685302, -0.22095299904347385, 0.5645222662562592, 0.07894967760450086, 0.21790546427142404, 0.972771379640047, 0.278204556816838, 0.0, 0.0, 0.0, 1.0]}
data modify storage ps:ani_data data[-1].frames[-1].part_2 set value {interpolation_duration:1,start_interpolation:0,transformation:[0.8694676554103553, 0.1125301107368035, -0.4810020482001949, -0.036480009994632155, -0.10657295177226911, 0.9935085090946126, 0.039787539596530724, 1.2864939123552153, 0.4823569240155732, 0.016667829317659824, 0.8758161800972117, 0.4590367054008903, 0.0, 0.0, 0.0, 1.0]}
data modify storage ps:ani_data data[-1].frames[-1].part_10 set value {interpolation_duration:1,start_interpolation:0,transformation:[0.8641003067595678, 0.14027274769703593, -0.48337792265632584, -0.2545274198163592, -0.1505243062533018, 0.9884467968585601, 0.017758462968814615, 1.6244079135789316, 0.48028438771730175, 0.05741503316707453, 0.8752316384143343, 0.5380190125779661, 0.0, 0.0, 0.0, 1.0]}
data modify storage ps:ani_data data[-1].frames[-1].part_12 set value {interpolation_duration:1,start_interpolation:0,transformation:[0.8674422502029792, 0.12349870513526759, -0.4819668166925031, -0.18611942751111157, -0.12392111775379626, 0.9918043971811314, 0.03110617795265777, 1.7419356677299913, 0.4818583807898772, 0.032743053646306274, 0.8756371356335184, 0.570249798993647, 0.0, 0.0, 0.0, 1.0]}
data modify storage ps:ani_data data[-1].frames[-1].part_11 set value {interpolation_duration:1,start_interpolation:0,transformation:[0.8751846372210811, 0.07687662121155871, -0.477641953646557, -0.02309424212166995, -0.05054916730621777, 0.9964207605851984, 0.06775285646718623, 1.721953239272691, 0.48114096942253115, -0.03515185608057783, 0.8759381910598698, 0.6606917222465671, 0.0, 0.0, 0.0, 1.0]}
data modify storage ps:ani_data data[-1].frames[-1].part_14 set value {interpolation_duration:1,start_interpolation:0,transformation:[0.8736237902695886, 0.06887849008586683, -0.4817024254438517, -0.15027327193672224, -0.0651304702722992, 0.9975754250186222, 0.02452128139034998, 1.7411363135414089, 0.48222349063178954, 0.009951130709960575, 0.8759917123355024, 0.37588695747444656, 0.0, 0.0, 0.0, 1.0]}
data modify storage ps:ani_data data[-1].frames[-1].part_13 set value {interpolation_duration:1,start_interpolation:0,transformation:[0.8765686282082147, -0.021196323688971435, -0.4808098958041952, 0.17577709884216103, 0.029929707297307526, 0.9994968267560402, 0.01050266279109588, 1.701171456626808, 0.4803453472890792, -0.023596804162392848, 0.8767619620917957, 0.5567708039802866, 0.0, 0.0, 0.0, 1.0]}
data modify storage ps:ani_data data[-1].frames[-1].part_15 set value {interpolation_duration:1,start_interpolation:0,transformation:[0.8694676554103553, 0.02432731493907777, -0.49339049235172217, 0.13300242550276808, -0.10657295177226911, 0.9845038445628501, -0.13926372819766505, 1.7112070001849755, 0.48235692401557306, 0.173667388386025, 0.8585868832362931, 0.24737483570306357, 0.0, 0.0, 0.0, 1.0]}
data modify storage ps:ani_data data[-1].frames[-1].part_16 set value {interpolation_duration:1,start_interpolation:0,transformation:[0.8694676554103553, 0.013888933048609449, -0.49379458657825637, 0.09095360439841536, -0.10657295177226911, 0.9813389320726165, -0.16005032442679534, 1.6353823629542794, 0.48235692401557306, 0.1917837269878446, 0.8547226450240373, 0.3064166635979499, 0.0, 0.0, 0.0, 1.0]}
data modify storage ps:ani_data data[-1].frames[-1].part_7 set value {interpolation_duration:1,start_interpolation:0,transformation:[0.8694676554103553, 0.1125301107368035, -0.4810020482001949, -0.1360591157830617, -0.10657295177226911, 0.9935085090946126, 0.039787539596530724, 1.4065724071562653, 0.4823569240155732, 0.016667829317659824, 0.8758161800972117, 0.5987059888316388, 0.0, 0.0, 0.0, 1.0]}
data modify storage ps:ani_data data[-1].frames[-1].part_8 set value {interpolation_duration:1,start_interpolation:0,transformation:[0.8694676554103553, 0.1125301107368035, -0.4810020482001949, -0.10713488564390942, -0.10657295177226911, 0.9935085090946126, 0.039787539596530724, 1.4389551767910234, 0.4823569240155732, 0.016667829317659824, 0.8758161800972117, 0.6200800577161478, 0.0, 0.0, 0.0, 1.0]}
data modify storage ps:ani_data data[-1].frames[-1].part_9 set value {interpolation_duration:1,start_interpolation:0,transformation:[0.8694676554103553, 0.1125301107368035, -0.4810020482001949, -0.10867198135123245, -0.10657295177226911, 0.9935085090946126, 0.039787539596530724, 1.4550178938439078, 0.4823569240155732, 0.016667829317659824, 0.8758161800972117, 0.6263996646686495, 0.0, 0.0, 0.0, 1.0]}
data modify storage ps:ani_data data[-1].frames[-1].part_3 set value {interpolation_duration:1,start_interpolation:0,transformation:[0.8346985450643246, -0.17848277818766295, -0.06183251284509372, 0.1814733434730839, 0.12253687726877574, 0.9196891665600628, -0.36522518223888, 1.122909242369607, 0.103745132785673, 0.34973666493873723, 0.9288634488523263, 0.434434488525356, 0.0, 0.0, 0.0, 1.0]}
data modify storage ps:ani_data data[-1].frames[-1].part_4 set value {interpolation_duration:1,start_interpolation:0,transformation:[0.8477789670659, 0.06933061193755345, 0.02030759535816251, -0.2794908457216051, -0.06140695001393917, 0.9567239862290431, 0.28188667071893864, 1.1657280966347696, 9.742002676663142e-05, -0.2826171976762462, 0.9592327696871922, 0.39465805258535286, 0.0, 0.0, 0.0, 1.0]}
#3
data modify storage ps:ani_data data[-1].frames append value {}
data modify storage ps:ani_data data[-1].frames[-1].part_17 set value {interpolation_duration:1,start_interpolation:0,transformation:[-1.0, 0.0, -1.2246467991473532e-16, 0.0, 0.0, 1.0, 0.0, 0.0, 1.2246467991473532e-16, 0.0, -1.0, 0.0, 0.0, 0.0, 0.0, 1.0]}
data modify storage ps:ani_data data[-1].frames[-1].part_5 set value {interpolation_duration:1,start_interpolation:0,transformation:[0.9525430307810573, -0.13212135475143624, -0.27423661704645297, 0.06608201754089466, 0.11376249739035446, 0.99012847083439, -0.0818761591103415, 0.7391400047243175, 0.2823470713465033, 0.04679272231659003, 0.9581704297463238, 0.5561651176021636, 0.0, 0.0, 0.0, 1.0]}
data modify storage ps:ani_data data[-1].frames[-1].part_6 set value {interpolation_duration:1,start_interpolation:0,transformation:[0.9681488573231052, 0.2082919025050415, -0.13893262185245162, -0.1541832396096121, -0.15134108890527703, 0.9288947378633791, 0.3380095276448422, 0.6822692771164921, 0.19945842893427965, -0.3062173236780614, 0.9308315023711403, 0.5368902833932202, 0.0, 0.0, 0.0, 1.0]}
data modify storage ps:ani_data data[-1].frames[-1].part_1 set value {interpolation_duration:1,start_interpolation:0,transformation:[0.9963626367315556, -0.04865449113068053, -0.0699588208745463, 0.0, 0.03206941434282041, 0.9747124518219145, -0.22114969800345763, 0.5645222662562592, 0.07894965984126104, 0.2181017578015513, 0.9727273895880709, 0.278204556816838, 0.0, 0.0, 0.0, 1.0]}
data modify storage ps:ani_data data[-1].frames[-1].part_2 set value {interpolation_duration:1,start_interpolation:0,transformation:[0.8694725152337439, 0.11238282242261367, -0.48102769824349434, -0.036490396248946635, -0.10665618596248247, 0.9935177222969577, 0.039331837966228606, 1.2864569558437557, 0.4823297660823384, 0.017106627551700178, 0.875822676142131, 0.45918209634417567, 0.0, 0.0, 0.0, 1.0]}
data modify storage ps:ani_data data[-1].frames[-1].part_10 set value {interpolation_duration:1,start_interpolation:0,transformation:[0.8632430936796022, 0.14426092063721632, -0.4837356178651437, -0.25458955426886204, -0.1571769842035291, 0.9874712341137784, 0.013998479720848722, 1.6243039985481884, 0.4796944411301357, 0.06394801462683745, 0.8751022195001751, 0.5383078380902931, 0.0, 0.0, 0.0, 1.0]}
data modify storage ps:ani_data data[-1].frames[-1].part_12 set value {interpolation_duration:1,start_interpolation:0,transformation:[0.8668864170864563, 0.12628937621031477, -0.4822436451913247, -0.18619966926392637, -0.12865836639866612, 0.991284558229968, 0.02831871060701252, 1.7418277022126532, 0.4816170310803317, 0.03749557402183251, 0.8755793038338333, 0.5705917769144018, 0.0, 0.0, 0.0, 1.0]}
data modify storage ps:ani_data data[-1].frames[-1].part_11 set value {interpolation_duration:1,start_interpolation:0,transformation:[0.8755251402741162, 0.07427996873439671, -0.47742875383957195, -0.023173572657599343, -0.04680580747278424, 0.9965038082293866, 0.0692053218412477, 1.7218296673446876, 0.4809001405019656, -0.03824456077858741, 0.8759408703993911, 0.6610286080548403, 0.0, 0.0, 0.0, 1.0]}
data modify storage ps:ani_data data[-1].frames[-1].part_14 set value {interpolation_duration:1,start_interpolation:0,transformation:[0.8734210640161223, 0.07078665413599683, -0.4817934147839461, -0.15034900804538015, -0.06845516889683123, 0.9974017413494797, 0.022442286076329282, 1.7411189942166405, 0.48213020521872635, 0.013379684198674314, 0.8759974025455171, 0.37622941475760596, 0.0, 0.0, 0.0, 1.0]}
data modify storage ps:ani_data data[-1].frames[-1].part_13 set value {interpolation_duration:1,start_interpolation:0,transformation:[0.8764679699746079, -0.02404534150943613, -0.4808593548640645, 0.17570318516727385, 0.034093054243755486, 0.9993445668747647, 0.012169647086952451, 1.7011229244807096, 0.48025156039405215, -0.02706026994660646, 0.87671328296627, 0.557103077038483, 0.0, 0.0, 0.0, 1.0]}
data modify storage ps:ani_data data[-1].frames[-1].part_15 set value {interpolation_duration:1,start_interpolation:0,transformation:[0.8694725152337439, 0.020704606096100663, -0.4935472262504494, 0.1329340131218204, -0.10665618596248247, 0.983423350827948, -0.14663891380621777, 1.7112879998571178, 0.4823297660823384, 0.18013836996247165, 0.8572678487020382, 0.24771057686251177, 0.0, 0.0, 0.0, 1.0]}
data modify storage ps:ani_data data[-1].frames[-1].part_16 set value {interpolation_duration:1,start_interpolation:0,transformation:[0.8694725152337439, 0.007308995906619736, -0.4939272454845389, 0.09110933382816823, -0.10665618596248247, 0.9790837355692658, -0.17326135385500344, 1.634929292125521, 0.4823297660823384, 0.2033263812754493, 0.8520659478164747, 0.3062209209406808, 0.0, 0.0, 0.0, 1.0]}
data modify storage ps:ani_data data[-1].frames[-1].part_7 set value {interpolation_duration:1,start_interpolation:0,transformation:[0.8694725152337439, 0.11238282242261367, -0.48102769824349434, -0.13681456941320458, -0.10665618596248247, 0.9935177222969577, 0.039331837966228606, 1.4059922571197823, 0.4823297660823384, 0.017106627551700178, 0.875822676142131, 0.5985250868010445, 0.0, 0.0, 0.0, 1.0]}
data modify storage ps:ani_data data[-1].frames[-1].part_8 set value {interpolation_duration:1,start_interpolation:0,transformation:[0.8694725152337439, 0.11238282242261367, -0.48102769824349434, -0.10717145129629964, -0.10665618596248247, 0.9935177222969577, 0.039331837966228606, 1.4388370417483944, 0.4823297660823384, 0.017106627551700178, 0.875822676142131, 0.6202907795626927, 0.0, 0.0, 0.0, 1.0]}
data modify storage ps:ani_data data[-1].frames[-1].part_9 set value {interpolation_duration:1,start_interpolation:0,transformation:[0.8694725152337439, 0.11238282242261367, -0.48102769824349434, -0.10871106485965532, -0.10665618596248247, 0.9935177222969577, 0.039331837966228606, 1.4548967548244138, 0.4823297660823384, 0.017106627551700178, 0.875822676142131, 0.6266174042836683, 0.0, 0.0, 0.0, 1.0]}
data modify storage ps:ani_data data[-1].frames[-1].part_3 set value {interpolation_duration:1,start_interpolation:0,transformation:[0.8346543724805958, -0.1787808272220247, -0.061796758376697375, 0.1814654167689539, 0.12275012691061843, 0.9195263485168939, -0.3655358990228407, 1.122880725737188, 0.10384837428891197, 0.3500124429231003, 0.928743596036977, 0.4345455760309589, 0.0, 0.0, 0.0, 1.0]}
data modify storage ps:ani_data data[-1].frames[-1].part_4 set value {interpolation_duration:1,start_interpolation:0,transformation:[0.8477686327572912, 0.06950025775425582, 0.020324829350439055, -0.2794997161395643, -0.061549407826317154, 0.9567064297242817, 0.2819032538847922, 1.1657001950592505, 0.00012533580152129797, -0.2826349615605086, 0.959227531277664, 0.3947807404824923, 0.0, 0.0, 0.0, 1.0]}
#4
data modify storage ps:ani_data data[-1].frames append value {}
data modify storage ps:ani_data data[-1].frames[-1].part_17 set value {interpolation_duration:1,start_interpolation:0,transformation:[-1.0, 0.0, -1.2246467991473532e-16, 0.0, 0.0, 1.0, 0.0, 0.0, 1.2246467991473532e-16, 0.0, -1.0, 0.0, 0.0, 0.0, 0.0, 1.0]}
data modify storage ps:ani_data data[-1].frames[-1].part_5 set value {interpolation_duration:1,start_interpolation:0,transformation:[0.9525429850504518, -0.13221798387350978, -0.2741902010860332, 0.06613773701384833, 0.11376305792931919, 0.9900996531471927, -0.0822231323191892, 0.7391459120461094, 0.28234699977464855, 0.04712835216971667, 0.9581540012649437, 0.5561815492170181, 0.0, 0.0, 0.0, 1.0]}
data modify storage ps:ani_data data[-1].frames[-1].part_6 set value {interpolation_duration:1,start_interpolation:0,transformation:[0.9681789036042726, 0.2081380315723056, -0.13895384279981066, -0.15426331476576594, -0.15120706051363814, 0.9289510411245877, 0.33791476446638063, 0.6822808504386322, 0.19941423085239812, -0.306151144055923, 0.9308627404331941, 0.5368741201073112, 0.0, 0.0, 0.0, 1.0]}
data modify storage ps:ani_data data[-1].frames[-1].part_1 set value {interpolation_duration:1,start_interpolation:0,transformation:[0.9963626351430865, -0.04867383079693715, -0.06994538931392111, 0.0, 0.03206952198718046, 0.9746515849264217, -0.22141778103830792, 0.5645222662562592, 0.07894963616280068, 0.2183692885823587, 0.9726673679906178, 0.278204556816838, 0.0, 0.0, 0.0, 1.0]}
data modify storage ps:ani_data data[-1].frames[-1].part_2 set value {interpolation_duration:1,start_interpolation:0,transformation:[0.8694791398425021, 0.11218206174040377, -0.4810625847043345, -0.03650454848428372, -0.10676962081280846, 0.9935299332944038, 0.03871071840597756, 1.286406537423665, 0.48229272589396555, 0.017704707613796673, 0.8758311880026186, 0.4593802501165502, 0.0, 0.0, 0.0, 1.0]}
data modify storage ps:ani_data data[-1].frames[-1].part_10 set value {interpolation_duration:1,start_interpolation:0,transformation:[0.8625420791762783, 0.14741967578804893, -0.4840336773828959, -0.25467422754293945, -0.1626293835813975, 0.986629325809372, 0.010689108890766241, 1.6241622051816886, 0.47913760575245756, 0.06949829237823422, 0.8749840810610853, 0.5387014328912342, 0.0, 0.0, 0.0, 1.0]}
data modify storage ps:ani_data data[-1].frames[-1].part_12 set value {interpolation_duration:1,start_interpolation:0,transformation:[0.8663530056785028, 0.12888918362727014, -0.4825142981256823, -0.18630902358523255, -0.13321077013421306, 0.9907603411278204, 0.025472282358180692, 1.7416803455426888, 0.48133913228832104, 0.04220811287159004, 0.8755176268561047, 0.5710578167113316, 0.0, 0.0, 0.0, 1.0]}
data modify storage ps:ani_data data[-1].frames[-1].part_11 set value {interpolation_duration:1,start_interpolation:0,transformation:[0.8756983229890353, 0.07278742173563112, -0.47734100845336036, -0.0232816848647634, -0.04489992697027872, 0.9965646521768258, 0.06959088007595643, 1.7216610416402869, 0.4807665167961006, -0.03950804055837101, 0.875958144581682, 0.6614877028164502, 0.0, 0.0, 0.0, 1.0]}
data modify storage ps:ani_data data[-1].frames[-1].part_14 set value {interpolation_duration:1,start_interpolation:0,transformation:[0.8732751953305734, 0.07204166519226846, -0.4818718000637451, -0.15045223519332626, -0.07086483944467226, 0.9972717273839365, 0.020670662571404236, 1.7410951871423683, 0.4820462713794492, 0.016096590849777086, 0.8759978835660422, 0.3766961735924677, 0.0, 0.0, 0.0, 1.0]}
data modify storage ps:ani_data data[-1].frames[-1].part_13 set value {interpolation_duration:1,start_interpolation:0,transformation:[0.8763445229050928, -0.027180540096480906, -0.48091734779929607, 0.17560244224761207, 0.038592772210887916, 0.9991589712940465, 0.013854530511757918, 1.7010565793375652, 0.480136308882513, -0.030701275587283146, 0.876656464397537, 0.5575559458027048, 0.0, 0.0, 0.0, 1.0]}
data modify storage ps:ani_data data[-1].frames[-1].part_15 set value {interpolation_duration:1,start_interpolation:0,transformation:[0.8694791398425021, 0.01718557676363249, -0.4936706202824348, 0.13284074970322657, -0.10676962081280846, 0.9823083421417441, -0.15385242614345576, 1.7113982036384723, 0.48229272589396555, 0.1864805000798735, 0.8559315099000203, 0.2481682626969317, 0.0, 0.0, 0.0, 1.0]}
data modify storage ps:ani_data data[-1].frames[-1].part_16 set value {interpolation_duration:1,start_interpolation:0,transformation:[0.8694791398425021, 0.0013838827817193172, -0.4939677218677241, 0.0912361634404567, -0.10676962081280846, 0.9768837061681376, -0.1851984683918677, 1.6345209403274248, 0.48229272589396555, 0.2137669513550937, 0.8495277612050811, 0.30615413335789177, 0.0, 0.0, 0.0, 1.0]}
data modify storage ps:ani_data data[-1].frames[-1].part_7 set value {interpolation_duration:1,start_interpolation:0,transformation:[0.8694791398425021, 0.11218206174040377, -0.4810625847043345, -0.13746638610050912, -0.10676962081280846, 0.9935299332944038, 0.03871071840597756, 1.4054451850735286, 0.48229272589396555, 0.017704707613796673, 0.8758311880026186, 0.5984743672706346, 0.0, 0.0, 0.0, 1.0]}
data modify storage ps:ani_data data[-1].frames[-1].part_8 set value {interpolation_duration:1,start_interpolation:0,transformation:[0.8694791398425021, 0.11218206174040377, -0.4810625847043345, -0.10722127353190025, -0.10676962081280846, 0.9935299332944038, 0.03871071840597756, 1.4386759266351152, 0.48229272589396555, 0.017704707613796673, 0.8758311880026186, 0.6205779170941719, 0.0, 0.0, 0.0, 1.0]}
data modify storage ps:ani_data data[-1].frames[-1].part_9 set value {interpolation_duration:1,start_interpolation:0,transformation:[0.8694791398425021, 0.11218206174040377, -0.4810625847043345, -0.10876431852428468, -0.10676962081280846, 0.9935299332944038, 0.03871071840597756, 1.4547315397951353, 0.48229272589396555, 0.017704707613796673, 0.8758311880026186, 0.6269141046368407, 0.0, 0.0, 0.0, 1.0]}
data modify storage ps:ani_data data[-1].frames[-1].part_3 set value {interpolation_duration:1,start_interpolation:0,transformation:[0.8345940438399803, -0.1791870194655154, -0.06174801675493427, 0.1814546159163835, 0.12304066126639021, 0.9193041530770568, -0.36595933507877915, 1.1228418214033793, 0.10398931513361638, 0.35038819356585105, 0.9285800705892467, 0.4346969775563616, 0.0, 0.0, 0.0, 1.0]}
data modify storage ps:ani_data data[-1].frames[-1].part_4 set value {interpolation_duration:1,start_interpolation:0,transformation:[0.8477545085375239, 0.06973146465435215, 0.02034829950977668, -0.27951180303385736, -0.06174355474803463, 0.9566824538722248, 0.2819258571932739, 1.1656621263384777, 0.00016340556304850207, -0.28265916806319447, 0.9592203906052552, 0.394947953140112, 0.0, 0.0, 0.0, 1.0]}
#5
data modify storage ps:ani_data data[-1].frames append value {}
data modify storage ps:ani_data data[-1].frames[-1].part_17 set value {interpolation_duration:1,start_interpolation:0,transformation:[-1.0, 0.0, -1.2246467991473532e-16, 0.0, 0.0, 1.0, 0.0, 0.0, 1.2246467991473532e-16, 0.0, -1.0, 0.0, 0.0, 0.0, 0.0, 1.0]}
data modify storage ps:ani_data data[-1].frames[-1].part_5 set value {interpolation_duration:1,start_interpolation:0,transformation:[0.9525429294107274, -0.13233879143978033, -0.2741321066746622, 0.06620742258713082, 0.11376373924987677, 0.9900634434188126, -0.08265706042177945, 0.7391533000396387, 0.2823469129661525, 0.04754810496688562, 0.9581332884586268, 0.5562020994203922, 0.0, 0.0, 0.0, 1.0]}
data modify storage ps:ani_data data[-1].frames[-1].part_6 set value {interpolation_duration:1,start_interpolation:0,transformation:[0.9682164471185205, 0.20794558143918185, -0.13898038238942198, -0.1543634607805516, -0.15103941672012663, 0.9290214163847955, 0.33779624405139874, 0.6822953246169644, 0.19935898807436123, -0.3060683633737874, 0.930901794399204, 0.5368539054896023, 0.0, 0.0, 0.0, 1.0]}
data modify storage ps:ani_data data[-1].frames[-1].part_1 set value {interpolation_duration:1,start_interpolation:0,transformation:[0.9963626332097326, -0.04869800924892542, -0.06992858527497425, 0.0, 0.032069652831286925, 0.9745753580753297, -0.2217530356040784, 0.5645222662562592, 0.07894960741288395, 0.21870385302397968, 0.9725921982834415, 0.278204556816838, 0.0, 0.0, 0.0, 1.0]}
data modify storage ps:ani_data data[-1].frames[-1].part_2 set value {interpolation_duration:1,start_interpolation:0,transformation:[0.8694874261212492, 0.11193096566162555, -0.48110609510075963, -0.03652224138435554, -0.10691146862556257, 0.9935446424901947, 0.03793390640780955, 1.28634340484207, 0.4822463620322819, 0.01845270454668108, 0.875841277858918, 0.4596280520883055, 0.0, 0.0, 0.0, 1.0]}
data modify storage ps:ani_data data[-1].frames[-1].part_10 set value {interpolation_duration:1,start_interpolation:0,transformation:[0.8620506137442778, 0.14954429824632112, -0.48425741316486726, -0.25478009984422423, -0.16654747108213375, 0.9860009098603709, 0.008009096744735045, 1.6239846134390132, 0.47867596473946705, 0.07374760075104853, 0.8748889141852265, 0.5391935689766376, 0.0, 0.0, 0.0, 1.0]}
data modify storage ps:ani_data data[-1].frames[-1].part_12 set value {interpolation_duration:1,start_interpolation:0,transformation:[0.8658783580840328, 0.13112594860361848, -0.482763559731366, -0.18644576500394294, -0.13729792835390026, 0.9902692764903915, 0.022716489801984235, 1.7414957269611895, 0.4810446422853353, 0.046612719744696135, 0.8754560562852806, 0.5716405546719904, 0.0, 0.0, 0.0, 1.0]}
data modify storage ps:ani_data data[-1].frames[-1].part_11 set value {interpolation_duration:1,start_interpolation:0,transformation:[0.8756983411820001, 0.07248474197779478, -0.4773870310675664, -0.02341687260620872, -0.04495636124635353, 0.9966131423344065, 0.06885615520654101, 1.721449826593897, 0.48076120978566944, -0.03883563707154062, 0.875991125787623, 0.6620617475530431, 0.0, 0.0, 0.0, 1.0]}
data modify storage ps:ani_data data[-1].frames[-1].part_14 set value {interpolation_duration:1,start_interpolation:0,transformation:[0.873197748513719, 0.07255562788276529, -0.4819350297012137, -0.15058133630512857, -0.07221374088285043, 0.9972026527292366, 0.01928846851044208, 1.7410650862988228, 0.4819863770048659, 0.017959684081616495, 0.8759946244865958, 0.3772799174464256, 0.0, 0.0, 0.0, 1.0]}
data modify storage ps:ani_data data[-1].frames[-1].part_13 set value {interpolation_duration:1,start_interpolation:0,transformation:[0.8762029793687319, -0.030414144486654627, -0.4809816199819932, 0.17547644849033991, 0.04314065774653286, 0.9989499693970225, 0.0154221363916906, 1.700973285564237, 0.4800075234770328, -0.034262785304646326, 0.8765950256239272, 0.5581223032085313, 0.0, 0.0, 0.0, 1.0]}
data modify storage ps:ani_data data[-1].frames[-1].part_15 set value {interpolation_duration:1,start_interpolation:0,transformation:[0.8694874261212492, 0.013982116486211484, -0.49375714297173584, 0.13272407986779555, -0.10691146862556256, 0.9812318230382752, -0.16048067588749823, 1.7115357093295778, 0.48224636203228183, 0.19232423111908942, 0.8546635808498456, 0.24874079086274906, 0.0, 0.0, 0.0, 1.0]}
data modify storage ps:ani_data data[-1].frames[-1].part_16 set value {interpolation_duration:1,start_interpolation:0,transformation:[0.8694874261212492, -0.003522580862431783, -0.49394251410575385, 0.0913219658425807, -0.10691146862556256, 0.9749291056019377, -0.19514911459325487, 1.634185363233385, 0.48224636203228183, 0.22248782095717873, 0.8473119943871654, 0.306240402353995, 0.0, 0.0, 0.0, 1.0]}
data modify storage ps:ani_data data[-1].frames[-1].part_7 set value {interpolation_duration:1,start_interpolation:0,transformation:[0.8694874261212492, 0.11193096566162555, -0.48110609510075963, -0.13788943969006984, -0.10691146862556257, 0.9935446424901947, 0.03793390640780955, 1.405013800397119, 0.4822463620322819, 0.01845270454668108, 0.875841277858918, 0.5986144123464697, 0.0, 0.0, 0.0, 1.0]}
data modify storage ps:ani_data data[-1].frames[-1].part_8 set value {interpolation_duration:1,start_interpolation:0,transformation:[0.8694874261212492, 0.11193096566162555, -0.48110609510075963, -0.1072835574757244, -0.10691146862556257, 0.9935446424901947, 0.03793390640780955, 1.4384742673983102, 0.4822463620322819, 0.01845270454668108, 0.875841277858918, 0.620936907190027, 0.0, 0.0, 0.0, 1.0]}
data modify storage ps:ani_data data[-1].frames[-1].part_9 set value {interpolation_duration:1,start_interpolation:0,transformation:[0.8694874261212492, 0.11193096566162555, -0.48110609510075963, -0.10883089338686955, -0.10691146862556257, 0.9935446424901947, 0.03793390640780955, 1.4545247439990163, 0.4822463620322819, 0.01845270454668108, 0.875841277858918, 0.6272850507640855, 0.0, 0.0, 0.0, 1.0]}
